1112313600 1112400000 1112486400 1112572800 1112659200
1112745600 1112832000 1112918400 1113004800 1113091200
1113177600 1113264000 1113350400 1113436800 1113523200
1113609600 1113696000 1113782400 1113868800 1113955200
1114041600 1114128000 1114214400 1114300800 1114387200
1114473600 1114560000 1114646400 1114732800 1114819200
1114905600 1114992000 1115078400 1115164800 1115251200
1115337600 1115424000 1115510400 1115596800 1115683200
1115769600 1115856000 1115942400 1116028800 1116115200
1116201600 1116288000 1116374400 1116460800 1116547200
1116633600 1116720000 1116806400 1116892800 1116979200
1117065600 1117152000 1117238400 1117324800 1117411200
1117497600 1117584000 1117670400 1117756800 1117843200
1117929600 1118016000 1118102400 1118188800 1118275200
1118361600 1118448000 1118534400 1118620800 1118707200
1118793600 1118880000 1118966400 1119052800 1119139200
1119225600 1119312000 1119398400 1119484800 1119571200
1119657600 1119744000 1119830400 1119916800 1120003200
1120089600 1120176000 1120262400 1120348800 1120435200
1120521600 1120608000 1120694400 1120780800 1120867200
1120953600 1121040000 1121126400 1121212800 1121299200
1121385600 1121472000 1121558400 1121644800 1121731200
1121817600 1121904000 1121990400 1122076800 1122163200
1122249600 1122336000 1122422400 1122508800 1122595200
1122681600 1122768000 1122854400 1122940800 1123027200
1123113600 1123200000 1123286400 1123372800 1123459200
1123545600 1123632000 1123718400 1123804800 1123891200
1123977600 1124064000 1124150400 1124236800 1124323200
1124409600 1124496000 1124582400 1124668800 1124755200
1124841600 1124928000 1125014400 1125100800 1125187200
1125273600 1125360000 1125446400 1125532800 1125619200
1125705600 1125792000 1125878400 1125964800 1126051200
1126137600 1126224000 1126310400 1126396800 1126483200
1126569600 1126656000 1126742400 1126828800 1126915200
1127001600 1127088000 1127174400 1127260800 1127347200
1127433600 1127520000 1127606400 1127692800 1127779200
1127865600 1127952000 1128038400 1128124800 1128211200
1128297600 1128384000 1128470400 1128556800 1128643200
1128729600 1128816000 1128902400 1128988800 1129075200
1129161600 1129248000 1129334400 1129420800 1129507200
1129593600 1129680000 1129766400 1129852800 1129939200
1130025600 1130112000 1130198400 1130284800 1130371200
1130457600 1130544000 1130630400 1130716800 1130803200
1130889600 1130976000 1131062400 1131148800 1131235200
1131321600 1131408000 1131494400 1131580800 1131667200
1131753600 1131840000 1131926400 1132012800 1132099200
1132185600 1132272000 1132358400 1132444800 1132531200
1132617600 1132704000 1132790400 1132876800 1132963200
1133049600 1133136000 1133222400 1133308800 1133395200
1133481600 1133568000 1133654400 1133740800 1133827200
1133913600 1.134e+09 1134086400 1134172800 1134259200
1134345600 1134432000 1134518400 1134604800 1134691200
1134777600 1134864000 1134950400 1135036800 1135123200
1135209600 1135296000 1135382400 1135468800 1135555200
1135641600 1135728000 1135814400 1135900800 1135987200
1136073600 1136160000 1136246400 1136332800 1136419200
1136505600 1136592000 1136678400 1136764800 1136851200
1136937600 1137024000 1137110400 1137196800 1137283200
1137369600 1137456000 1137542400 1137628800 1137715200
1137801600 1137888000 1137974400 1138060800 1138147200
1138233600 1138320000 1138406400 1138492800 1138579200
1138665600 1138752000 1138838400 1138924800 1139011200
1139097600 1139184000 1139270400 1139356800 1139443200
1139529600 1139616000 1139702400 1139788800 1139875200
1139961600 1140048000 1140134400 1140220800 1140307200
1140393600 1140480000 1140566400 1140652800 1140739200
1140825600 1140912000 1140998400 1141084800 1141171200
1141257600 1141344000 1141430400 1141516800 1141603200
1141689600 1141776000 1141862400 1141948800 1142035200
1142121600 1142208000 1142294400 1142380800 1142467200
1142553600 1142640000 1142726400 1142812800 1142899200
1142985600 1143072000 1143158400 1143244800 1143331200
1143417600 1143504000 1143590400 1143676800 1143763200
1143849600 1143936000 1144022400 1144108800 1144195200
1144281600 1144368000 1144454400 1144540800 1144627200
1144713600 1144800000 1144886400 1144972800 1145059200
1145145600 1145232000 1145318400 1145404800 1145491200
1145577600 1145664000 1145750400 1145836800 1145923200
1146009600 1146096000 1146182400 1146268800 1146355200
1146441600 1146528000 1146614400 1146700800 1146787200
1146873600 1146960000 1147046400 1147132800 1147219200
1147305600 1147392000 1147478400 1147564800 1147651200
1147737600 1147824000 1147910400 1147996800 1148083200
1148169600 1148256000 1148342400 1148428800 1148515200
1148601600 1148688000 1148774400 1148860800 1148947200
1149033600 1149120000 1149206400 1149292800 1149379200
1149465600 1149552000 1149638400 1149724800 1149811200
1149897600 1149984000 1150070400 1150156800 1150243200
1150329600 1150416000 1150502400 1150588800 1150675200
1150761600 1150848000 1150934400 1151020800 1151107200
1151193600 1151280000 1151366400 1151452800 1151539200
1151625600 1151712000 1151798400 1151884800 1151971200
1152057600 1152144000 1152230400 1152316800 1152403200
1152489600 1152576000 1152662400 1152748800 1152835200
1152921600 1153008000 1153094400 1153180800 1153267200
1153353600 1153440000 1153526400 1153612800 1153699200
1153785600 1153872000 1153958400 1154044800 1154131200
1154217600 1154304000 1154390400 1154476800 1154563200
1154649600 1154736000 1154822400 1154908800 1154995200
1155081600 1155168000 1155254400 1155340800 1155427200
1155513600 1155600000 1155686400 1155772800 1155859200
1155945600 1156032000 1156118400 1156204800 1156291200
1156377600 1156464000 1156550400 1156636800 1156723200
1156809600 1156896000 1156982400 1157068800 1157155200
1157241600 1157328000 1157414400 1157500800 1157587200
1157673600 1157760000 1157846400 1157932800 1158019200
1158105600 1158192000 1158278400 1158364800 1158451200
1158537600 1158624000 1158710400 1158796800 1158883200
1158969600 1159056000 1159142400 1159228800 1159315200
1159401600 1159488000 1159574400 1159660800 1159747200
1159833600 1159920000 1160006400 1160092800 1160179200
1160265600 1160352000 1160438400 1160524800 1160611200
1160697600 1160784000 1160870400 1160956800 1161043200
1161129600 1161216000 1161302400 1161388800 1161475200
1161561600 1161648000 1161734400 1161820800 1161907200
1161993600 1162080000 1162166400 1162252800 1162339200
1162425600 1162512000 1162598400 1162684800 1162771200
1162857600 1162944000 1163030400 1163116800 1163203200
1163289600 1163376000 1163462400 1163548800 1163635200
1163721600 1163808000 1163894400 1163980800 1164067200
1164153600 1164240000 1164326400 1164412800 1164499200
1164585600 1164672000 1164758400 1164844800 1164931200
1165017600 1165104000 1165190400 1165276800 1165363200
1165449600 1165536000 1165622400 1165708800 1165795200
1165881600 1165968000 1166054400 1166140800 1166227200
1166313600 1166400000 1166486400 1166572800 1166659200
1166745600 1166832000 1166918400 1167004800 1167091200
1167177600 1167264000 1167350400 1167436800 1167523200
1167609600 1167696000 1167782400 1167868800 1167955200
1168041600 1168128000 1168214400 1168300800 1168387200
1168473600 1168560000 1168646400 1168732800 1168819200
1168905600 1168992000 1169078400 1169164800 1169251200
1169337600 1169424000 1169510400 1169596800 1169683200
1169769600 1169856000 1169942400 1170028800 1170115200
1170201600 1170288000 1170374400 1170460800 1170547200
1170633600 1170720000 1170806400 1170892800 1170979200
1171065600 1171152000 1171238400 1171324800 1171411200
1171497600 1171584000 1171670400 1171756800 1171843200
1171929600 1172016000 1172102400 1172188800 1172275200
1172361600 1172448000 1172534400 1172620800 1172707200
1172793600 1172880000 1172966400 1173052800 1173139200
1173225600 1173312000 1173398400 1173484800 1173571200
1173657600 1173744000 1173830400 1173916800 1174003200
1174089600 1174176000 1174262400 1174348800 1174435200
1174521600 1174608000 1174694400 1174780800 1174867200
1174953600 1175040000 1175126400 1175212800 1175299200
1175385600 1175472000 1175558400 1175644800 1175731200
1175817600 1175904000 1175990400 1176076800 1176163200
1176249600 1176336000 1176422400 1176508800 1176595200
1176681600 1176768000 1176854400 1176940800 1177027200
1177113600 1177200000 1177286400 1177372800 1177459200
1177545600 1177632000 1177718400 1177804800 1177891200
1177977600 1178064000 1178150400 1178236800 1178323200
1178409600 1178496000 1178582400 1178668800 1178755200
1178841600 1178928000 1179014400 1179100800 1179187200
1179273600 1179360000 1179446400 1179532800 1179619200
1179705600 1179792000 1179878400 1179964800 1180051200
1180137600 1180224000 1180310400 1180396800 1180483200
1180569600 1180656000 1180742400 1180828800 1180915200
1181001600 1181088000 1181174400 1181260800 1181347200
1181433600 1181520000 1181606400 1181692800 1181779200
1181865600 1181952000 1182038400 1182124800 1182211200
1182297600 1182384000 1182470400 1182556800 1182643200
1182729600 1182816000 1182902400 1182988800 1183075200
1183161600 1183248000 1183334400 1183420800 1183507200
1183593600 1183680000 1183766400 1183852800 1183939200
1184025600 1184112000 1184198400 1184284800 1184371200
1184457600 1184544000 1184630400 1184716800 1184803200
1184889600 1184976000 1185062400 1185148800 1185235200
1185321600 1185408000 1185494400 1185580800 1185667200
1185753600 1185840000 1185926400 1186012800 1186099200
1186185600 1186272000 1186358400 1186444800 1186531200
1186617600 1186704000 1186790400 1186876800 1186963200
1187049600 1187136000 1187222400 1187308800 1187395200
1187481600 1187568000 1187654400 1187740800 1187827200
1187913600 1.188e+09 1188086400 1188172800 1188259200
1188345600 1188432000 1188518400 1188604800 1188691200
1188777600 1188864000 1188950400 1189036800 1189123200
1189209600 1189296000 1189382400 1189468800 1189555200
1189641600 1189728000 1189814400 1189900800 1189987200
1190073600 1190160000 1190246400 1190332800 1190419200
1190505600 1190592000 1190678400 1190764800 1190851200
1190937600 1191024000 1191110400 1191196800 1191283200
1191369600 1191456000 1191542400 1191628800 1191715200
1191801600 1191888000 1191974400 1192060800 1192147200
1192233600 1192320000 1192406400 1192492800 1192579200
1192665600 1192752000 1192838400 1192924800 1193011200
1193097600 1193184000 1193270400 1193356800 1193443200
1193529600 1193616000 1193702400 1193788800 1193875200
1193961600 1194048000 1194134400 1194220800 1194307200
1194393600 1194480000 1194566400 1194652800 1194739200
1194825600 1194912000 1194998400 1195084800 1195171200
1195257600 1195344000 1195430400 1195516800 1195603200
1195689600 1195776000 1195862400 1195948800 1196035200
1196121600 1196208000 1196294400 1196380800 1196467200
1196553600 1196640000 1196726400 1196812800 1196899200
1196985600 1197072000 1197158400 1197244800 1197331200
1197417600 1197504000 1197590400 1197676800 1197763200
1197849600 1197936000 1198022400 1198108800 1198195200
1198281600 1198368000 1198454400 1198540800 1198627200
1198713600 1198800000 1198886400 1198972800 1199059200
1199145600 1199232000 1199318400 1199404800 1199491200
1199577600 1199664000 1199750400 1199836800 1199923200
1200009600 1200096000 1200182400 1200268800 1200355200
1200441600 1200528000 1200614400 1200700800 1200787200
1200873600 1200960000 1201046400 1201132800 1201219200
1201305600 1201392000 1201478400 1201564800 1201651200
1201737600 1201824000 1201910400 1201996800 1202083200
1202169600 1202256000 1202342400 1202428800 1202515200
1202601600 1202688000 1202774400 1202860800 1202947200
1203033600 1203120000 1203206400 1203292800 1203379200
1203465600 1203552000 1203638400 1203724800 1203811200
1203897600 1203984000 1204070400 1204156800 1204243200
1204329600 1204416000 1204502400 1204588800 1204675200
1204761600 1204848000 1204934400 1205020800 1205107200
1205193600 1205280000 1205366400 1205452800 1205539200
1205625600 1205712000 1205798400 1205884800 1205971200
1206057600 1206144000 1206230400 1206316800 1206403200
1206489600 1206576000 1206662400 1206748800 1206835200
1206921600 1207008000 1207094400 1207180800 1207267200
1207353600 1207440000 1207526400 1207612800 1207699200
1207785600 1207872000 1207958400 1208044800 1208131200
1208217600 1208304000 1208390400 1208476800 1208563200
1208649600 1208736000 1208822400 1208908800 1208995200
1209081600 1209168000 1209254400 1209340800 1209427200
1209513600 1209600000 1209686400 1209772800 1209859200
1209945600 1210032000 1210118400 1210204800 1210291200
1210377600 1210464000 1210550400 1210636800 1210723200
1210809600 1210896000 1210982400 1211068800 1211155200
1211241600 1211328000 1211414400 1211500800 1211587200
1211673600 1211760000 1211846400 1211932800 1212019200
1212105600 1212192000 1212278400 1212364800 1212451200
1212537600 1212624000 1212710400 1212796800 1212883200
1212969600 1213056000 1213142400 1213228800 1213315200
1213401600 1213488000 1213574400 1213660800 1213747200
1213833600 1213920000 1214006400 1214092800 1214179200
1214265600 1214352000 1214438400 1214524800 1214611200
1214697600 1214784000 1214870400 1214956800 1215043200
1215129600 1215216000 1215302400 1215388800 1215475200
1215561600 1215648000 1215734400 1215820800 1215907200
1215993600 1216080000 1216166400 1216252800 1216339200
1216425600 1216512000 1216598400 1216684800 1216771200
1216857600 1216944000 1217030400 1217116800 1217203200
1217289600 1217376000 1217462400 1217548800 1217635200
1217721600 1217808000 1217894400 1217980800 1218067200
1218153600 1218240000 1218326400 1218412800 1218499200
1218585600 1218672000 1218758400 1218844800 1218931200
1219017600 1219104000 1219190400 1219276800 1219363200
1219449600 1219536000 1219622400 1219708800 1219795200
1219881600 1219968000 1220054400 1220140800 1220227200
1220313600 1220400000 1220486400 1220572800 1220659200
1220745600 1220832000 1220918400 1221004800 1221091200
1221177600 1221264000 1221350400 1221436800 1221523200
1221609600 1221696000 1221782400 1221868800 1221955200
1222041600 1222128000 1222214400 1222300800 1222387200
1222473600 1222560000 1222646400 1222732800 1222819200
1222905600 1222992000 1223078400 1223164800 1223251200
1223337600 1223424000 1223510400 1223596800 1223683200
1223769600 1223856000 1223942400 1224028800 1224115200
1224201600 1224288000 1224374400 1224460800 1224547200
1224633600 1224720000 1224806400 1224892800 1224979200
1225065600 1225152000 1225238400 1225324800 1225411200
1225497600 1225584000 1225670400 1225756800 1225843200
1225929600 1226016000 1226102400 1226188800 1226275200
1226361600 1226448000 1226534400 1226620800 1226707200
1226793600 1226880000 1226966400 1227052800 1227139200
1227225600 1227312000 1227398400 1227484800 1227571200
1227657600 1227744000 1227830400 1227916800 1228003200
1228089600 1228176000 1228262400 1228348800 1228435200
1228521600 1228608000 1228694400 1228780800 1228867200
1228953600 1229040000 1229126400 1229212800 1229299200
1229385600 1229472000 1229558400 1229644800 1229731200
1229817600 1229904000 1229990400 1230076800 1230163200
1230249600 1230336000 1230422400 1230508800 1230595200
1230681600 1230768000 1230854400 1230940800 1231027200
1231113600 1231200000 1231286400 1231372800 1231459200
1231545600 1231632000 1231718400 1231804800 1231891200
1231977600 1232064000 1232150400 1232236800 1232323200
1232409600 1232496000 1232582400 1232668800 1232755200
1232841600 1232928000 1233014400 1233100800 1233187200
1233273600 1233360000 1233446400 1233532800 1233619200
1233705600 1233792000 1233878400 1233964800 1234051200
1234137600 1234224000 1234310400 1234396800 1234483200
1234569600 1234656000 1234742400 1234828800 1234915200
1235001600 1235088000 1235174400 1235260800 1235347200
1235433600 1235520000 1235606400 1235692800 1235779200
1235865600 1235952000 1236038400 1236124800 1236211200
1236297600 1236384000 1236470400 1236556800 1236643200
1236729600 1236816000 1236902400 1236988800 1237075200
1237161600 1237248000 1237334400 1237420800 1237507200
1237593600 1237680000 1237766400 1237852800 1237939200
1238025600 1238112000 1238198400 1238284800 1238371200
1238457600 1238544000 1238630400 1238716800 1238803200
1238889600 1238976000 1239062400 1239148800 1239235200
1239321600 1239408000 1239494400 1239580800 1239667200
1239753600 1239840000 1239926400 1240012800 1240099200
1240185600 1240272000 1240358400 1240444800 1240531200
1240617600 1240704000 1240790400 1240876800 1240963200
1241049600 1241136000 1241222400 1241308800 1241395200
1241481600 1241568000 1241654400 1241740800 1241827200
1241913600 1.242e+09 1242086400 1242172800 1242259200
1242345600 1242432000 1242518400 1242604800 1242691200
1242777600 1242864000 1242950400 1243036800 1243123200
1243209600 1243296000 1243382400 1243468800 1243555200
1243641600 1243728000 1243814400 1243900800 1243987200
1244073600 1244160000 1244246400 1244332800 1244419200
1244505600 1244592000 1244678400 1244764800 1244851200
1244937600 1245024000 1245110400 1245196800 1245283200
1245369600 1245456000 1245542400 1245628800 1245715200
1245801600 1245888000 1245974400 1246060800 1246147200
1246233600 1246320000 1246406400 1246492800 1246579200
1246665600 1246752000 1246838400 1246924800 1247011200
1247097600 1247184000 1247270400 1247356800 1247443200
1247529600 1247616000 1247702400 1247788800 1247875200
1247961600 1248048000 1248134400 1248220800 1248307200
1248393600 1248480000 1248566400 1248652800 1248739200
1248825600 1248912000 1248998400 1249084800 1249171200
1249257600 1249344000 1249430400 1249516800 1249603200
1249689600 1249776000 1249862400 1249948800 1250035200
1250121600 1250208000 1250294400 1250380800 1250467200
1250553600 1250640000 1250726400 1250812800 1250899200
1250985600 1251072000 1251158400 1251244800 1251331200
1251417600 1251504000 1251590400 1251676800 1251763200
1251849600 1251936000 1252022400 1252108800 1252195200
1252281600 1252368000 1252454400 1252540800 1252627200
1252713600 1252800000 1252886400 1252972800 1253059200
1253145600 1253232000 1253318400 1253404800 1253491200
1253577600 1253664000 1253750400 1253836800 1253923200
1254009600 1254096000 1254182400 1254268800 1254355200
1254441600 1254528000 1254614400 1254700800 1254787200
1254873600 1254960000 1255046400 1255132800 1255219200
1255305600 1255392000 1255478400 1255564800 1255651200
1255737600 1255824000 1255910400 1255996800 1256083200
1256169600 1256256000 1256342400 1256428800 1256515200
1256601600 1256688000 1256774400 1256860800 1256947200
1257033600 1257120000 1257206400 1257292800 1257379200
1257465600 1257552000 1257638400 1257724800 1257811200
1257897600 1257984000 1258070400 1258156800 1258243200
1258329600 1258416000 1258502400 1258588800 1258675200
1258761600 1258848000 1258934400 1259020800 1259107200
1259193600 1259280000 1259366400 1259452800 1259539200
1259625600 1259712000 1259798400 1259884800 1259971200
1260057600 1260144000 1260230400 1260316800 1260403200
1260489600 1260576000 1260662400 1260748800 1260835200
1260921600 1261008000 1261094400 1261180800 1261267200
1261353600 1261440000 1261526400 1261612800 1261699200
1261785600 1261872000 1261958400 1262044800 1262131200
1262217600 1262304000 1262390400 1262476800 1262563200
1262649600 1262736000 1262822400 1262908800 1262995200
1263081600 1263168000 1263254400 1263340800 1263427200
1263513600 1263600000 1263686400 1263772800 1263859200
1263945600 1264032000 1264118400 1264204800 1264291200
1264377600 1264464000 1264550400 1264636800 1264723200
1264809600 1264896000 1264982400 1265068800 1265155200
1265241600 1265328000 1265414400 1265500800 1265587200
1265673600 1265760000 1265846400 1265932800 1266019200
1266105600 1266192000 1266278400 1266364800 1266451200
1266537600 1266624000 1266710400 1266796800 1266883200
1266969600 1267056000 1267142400 1267228800 1267315200
1267401600 1267488000 1267574400 1267660800 1267747200
1267833600 1267920000 1268006400 1268092800 1268179200
1268265600 1268352000 1268438400 1268524800 1268611200
1268697600 1268784000 1268870400 1268956800 1269043200
1269129600 1269216000 1269302400 1269388800 1269475200
1269561600 1269648000 1269734400 1269820800 1269907200
1269993600 1270080000 1270166400 1270252800 1270339200
1270425600 1270512000 1270598400 1270684800 1270771200
1270857600 1270944000 1271030400 1271116800 1271203200
1271289600 1271376000 1271462400 1271548800 1271635200
1271721600 1271808000 1271894400 1271980800 1272067200
1272153600 1272240000 1272326400 1272412800 1272499200
1272585600 1272672000 1272758400 1272844800 1272931200
1273017600 1273104000 1273190400 1273276800 1273363200
1273449600 1273536000 1273622400 1273708800 1273795200
1273881600 1273968000 1274054400 1274140800 1274227200
1274313600 1274400000 1274486400 1274572800 1274659200
1274745600 1274832000 1274918400 1275004800 1275091200
1275177600 1275264000 1275350400 1275436800 1275523200
1275609600 1275696000 1275782400 1275868800 1275955200
1276041600 1276128000 1276214400 1276300800 1276387200
1276473600 1276560000 1276646400 1276732800 1276819200
1276905600 1276992000 1277078400 1277164800 1277251200
1277337600 1277424000 1277510400 1277596800 1277683200
1277769600 1277856000 1277942400 1278028800 1278115200
1278201600 1278288000 1278374400 1278460800 1278547200
1278633600 1278720000 1278806400 1278892800 1278979200
1279065600 1279152000 1279238400 1279324800 1279411200
1279497600 1279584000 1279670400 1279756800 1279843200
1279929600 1280016000 1280102400 1280188800 1280275200
1280361600 1280448000 1280534400 1280620800 1280707200
1280793600 1280880000 1280966400 1281052800 1281139200
1281225600 1281312000 1281398400 1281484800 1281571200
1281657600 1281744000 1281830400 1281916800 1282003200
1282089600 1282176000 1282262400 1282348800 1282435200
1282521600 1282608000 1282694400 1282780800 1282867200
1282953600 1283040000 1283126400 1283212800 1283299200
1283385600 1283472000 1283558400 1283644800 1283731200
1283817600 1283904000 1283990400 1284076800 1284163200
1284249600 1284336000 1284422400 1284508800 1284595200
1284681600 1284768000 1284854400 1284940800 1285027200
1285113600 1285200000 1285286400 1285372800 1285459200
1285545600 1285632000 1285718400 1285804800 1285891200
1285977600 1286064000 1286150400 1286236800 1286323200
1286409600 1286496000 1286582400 1286668800 1286755200
1286841600 1286928000 1287014400 1287100800 1287187200
1287273600 1287360000 1287446400 1287532800 1287619200
1287705600 1287792000 1287878400 1287964800 1288051200
1288137600 1288224000 1288310400 1288396800 1288483200
1288569600 1288656000 1288742400 1288828800 1288915200
1289001600 1289088000 1289174400 1289260800 1289347200
1289433600 1289520000 1289606400 1289692800 1289779200
1289865600 1289952000 1290038400 1290124800 1290211200
1290297600 1290384000 1290470400 1290556800 1290643200
1290729600 1290816000 1290902400 1290988800 1291075200
1291161600 1291248000 1291334400 1291420800 1291507200
1291593600 1291680000 1291766400 1291852800 1291939200
1292025600 1292112000 1292198400 1292284800 1292371200
1292457600 1292544000 1292630400 1292716800 1292803200
1292889600 1292976000 1293062400 1293148800 1293235200
1293321600 1293408000 1293494400 1293580800 1293667200
1293753600 1293840000 1293926400 1294012800 1294099200
1294185600 1294272000 1294358400 1294444800 1294531200
1294617600 1294704000 1294790400 1294876800 1294963200
1295049600 1295136000 1295222400 1295308800 1295395200
1295481600 1295568000 1295654400 1295740800 1295827200
1295913600 1.296e+09 1296086400 1296172800 1296259200
1296345600 1296432000 1296518400 1296604800 1296691200
1296777600 1296864000 1296950400 1297036800 1297123200
1297209600 1297296000 1297382400 1297468800 1297555200
1297641600 1297728000 1297814400 1297900800 1297987200
1298073600 1298160000 1298246400 1298332800 1298419200
1298505600 1298592000 1298678400 1298764800 1298851200
1298937600 1299024000 1299110400 1299196800 1299283200
1299369600 1299456000 1299542400 1299628800 1299715200
1299801600 1299888000 1299974400 1300060800 1300147200
1300233600 1300320000 1300406400 1300492800 1300579200
1300665600 1300752000 1300838400 1300924800 1301011200
1301097600 1301184000 1301270400 1301356800 1301443200
1301529600 1301616000 1301702400 1301788800 1301875200
1301961600 1302048000 1302134400 1302220800 1302307200
1302393600 1302480000 1302566400 1302652800 1302739200
1302825600 1302912000 1302998400 1303084800 1303171200
1303257600 1303344000 1303430400 1303516800 1303603200
1303689600 1303776000 1303862400 1303948800 1304035200
1304121600 1304208000 1304294400 1304380800 1304467200
1304553600 1304640000 1304726400 1304812800 1304899200
1304985600 1305072000 1305158400 1305244800 1305331200
1305417600 1305504000 1305590400 1305676800 1305763200
1305849600 1305936000 1306022400 1306108800 1306195200
1306281600 1306368000 1306454400 1306540800 1306627200
1306713600 1306800000 1306886400 1306972800 1307059200
1307145600 1307232000 1307318400 1307404800 1307491200
1307577600 1307664000 1307750400 1307836800 1307923200
1308009600 1308096000 1308182400 1308268800 1308355200
1308441600 1308528000 1308614400 1308700800 1308787200
1308873600 1308960000 1309046400 1309132800 1309219200
1309305600 1309392000 1309478400 1309564800 1309651200
1309737600 1309824000 1309910400 1309996800 1310083200
1310169600 1310256000 1310342400 1310428800 1310515200
1310601600 1310688000 1310774400 1310860800 1310947200
1311033600 1311120000 1311206400 1311292800 1311379200
1311465600 1311552000 1311638400 1311724800 1311811200
1311897600 1311984000 1312070400 1312156800 1312243200
1312329600 1312416000 1312502400 1312588800 1312675200
1312761600 1312848000 1312934400 1313020800 1313107200
1313193600 1313280000 1313366400 1313452800 1313539200
1313625600 1313712000 1313798400 1313884800 1313971200
1314057600 1314144000 1314230400 1314316800 1314403200
1314489600 1314576000 1314662400 1314748800 1314835200
1314921600 1315008000 1315094400 1315180800 1315267200
1315353600 1315440000 1315526400 1315612800 1315699200
1315785600 1315872000 1315958400 1316044800 1316131200
1316217600 1316304000 1316390400 1316476800 1316563200
1316649600 1316736000 1316822400 1316908800 1316995200
1317081600 1317168000 1317254400 1317340800 1317427200
1317513600 1317600000 1317686400 1317772800 1317859200
1317945600 1318032000 1318118400 1318204800 1318291200
1318377600 1318464000 1318550400 1318636800 1318723200
1318809600 1318896000 1318982400 1319068800 1319155200
1319241600 1319328000 1319414400 1319500800 1319587200
1319673600 1319760000 1319846400 1319932800 1320019200
1320105600 1320192000 1320278400 1320364800 1320451200
1320537600 1320624000 1320710400 1320796800 1320883200
1320969600 1321056000 1321142400 1321228800 1321315200
1321401600 1321488000 1321574400 1321660800 1321747200
1321833600 1321920000 1322006400 1322092800 1322179200
1322265600 1322352000 1322438400 1322524800 1322611200
1322697600 1322784000 1322870400 1322956800 1323043200
1323129600 1323216000 1323302400 1323388800 1323475200
1323561600 1323648000 1323734400 1323820800 1323907200
1323993600 1324080000 1324166400 1324252800 1324339200
1324425600 1324512000 1324598400 1324684800 1324771200
1324857600 1324944000 1325030400 1325116800 1325203200
1325289600 1325376000 1325462400 1325548800 1325635200
1325721600 1325808000 1325894400 1325980800 1326067200
1326153600 1326240000 1326326400 1326412800 1326499200
1326585600 1326672000 1326758400 1326844800 1326931200
1327017600 1327104000 1327190400 1327276800 1327363200
1327449600 1327536000 1327622400 1327708800 1327795200
1327881600 1327968000 1328054400 1328140800 1328227200
1328313600 1328400000 1328486400 1328572800 1328659200
1328745600 1328832000 1328918400 1329004800 1329091200
1329177600 1329264000 1329350400 1329436800 1329523200
1329609600 1329696000 1329782400 1329868800 1329955200
1330041600 1330128000 1330214400 1330300800 1330387200
1330473600 1330560000 1330646400 1330732800 1330819200
1330905600 1330992000 1331078400 1331164800 1331251200
1331337600 1331424000 1331510400 1331596800 1331683200
1331769600 1331856000 1331942400 1332028800 1332115200
1332201600 1332288000 1332374400 1332460800 1332547200
1332633600 1332720000 1332806400 1332892800 1332979200
1333065600 1333152000 1333238400 1333324800 1333411200
1333497600 1333584000 1333670400 1333756800 1333843200
1333929600 1334016000 1334102400 1334188800 1334275200
1334361600 1334448000 1334534400 1334620800 1334707200
1334793600 1334880000 1334966400 1335052800 1335139200
1335225600 1335312000 1335398400 1335484800 1335571200
1335657600 1335744000 1335830400 1335916800 1336003200
1336089600 1336176000 1336262400 1336348800 1336435200
1336521600 1336608000 1336694400 1336780800 1336867200
1336953600 1337040000 1337126400 1337212800 1337299200
1337385600 1337472000 1337558400 1337644800 1337731200
1337817600 1337904000 1337990400 1338076800 1338163200
1338249600 1338336000 1338422400 1338508800 1338595200
1338681600 1338768000 1338854400 1338940800 1339027200
1339113600 1339200000 1339286400 1339372800 1339459200
1339545600 1339632000 1339718400 1339804800 1339891200
1339977600 1340064000 1340150400 1340236800 1340323200
1340409600 1340496000 1340582400 1340668800 1340755200
1340841600 1340928000 1341014400 1341100800 1341187200
1341273600 1341360000 1341446400 1341532800 1341619200
1341705600 1341792000 1341878400 1341964800 1342051200
1342137600 1342224000 1342310400 1342396800 1342483200
1342569600 1342656000 1342742400 1342828800 1342915200
1343001600 1343088000 1343174400 1343260800 1343347200
1343433600 1343520000 1343606400 1343692800 1343779200
1343865600 1343952000 1344038400 1344124800 1344211200
1344297600 1344384000 1344470400 1344556800 1344643200
1344729600 1344816000 1344902400 1344988800 1345075200
1345161600 1345248000 1345334400 1345420800 1345507200
1345593600 1345680000 1345766400 1345852800 1345939200
1346025600 1346112000 1346198400 1346284800 1346371200
1346457600 1346544000 1346630400 1346716800 1346803200
1346889600 1346976000 1347062400 1347148800 1347235200
1347321600 1347408000 1347494400 1347580800 1347667200
1347753600 1347840000 1347926400 1348012800 1348099200
1348185600 1348272000 1348358400 1348444800 1348531200
1348617600 1348704000 1348790400 1348876800 1348963200
1349049600 1349136000 1349222400 1349308800 1349395200
1349481600 1349568000 1349654400 1349740800 1349827200
1349913600 1.35e+09 1350086400 1350172800 1350259200
1350345600 1350432000 1350518400 1350604800 1350691200
1350777600 1350864000 1350950400 1351036800 1351123200
1351209600 1351296000 1351382400 1351468800 1351555200
1351641600 1351728000 1351814400 1351900800 1351987200
1352073600 1352160000 1352246400 1352332800 1352419200
1352505600 1352592000 1352678400 1352764800 1352851200
1352937600 1353024000 1353110400 1353196800 1353283200
1353369600 1353456000 1353542400 1353628800 1353715200
1353801600 1353888000 1353974400 1354060800 1354147200
1354233600 1354320000 1354406400 1354492800 1354579200
1354665600 1354752000 1354838400 1354924800 1355011200
1355097600 1355184000 1355270400 1355356800 1355443200
1355529600 1355616000 1355702400 1355788800 1355875200
1355961600 1356048000 1356134400 1356220800 1356307200
1356393600 1356480000 1356566400 1356652800 1356739200
1356825600 1356912000 1356998400 1357084800 1357171200
1357257600 1357344000 1357430400 1357516800 1357603200
1357689600 1357776000 1357862400 1357948800 1358035200
1358121600 1358208000 1358294400 1358380800 1358467200
1358553600 1358640000 1358726400 1358812800 1358899200
1358985600 1359072000 1359158400 1359244800 1359331200
1359417600 1359504000 1359590400 1359676800 1359763200
1359849600 1359936000 1360022400 1360108800 1360195200
1360281600 1360368000 1360454400 1360540800 1360627200
1360713600 1360800000 1360886400 1360972800 1361059200
1361145600 1361232000 1361318400 1361404800 1361491200
1361577600 1361664000 1361750400 1361836800 1361923200
1362009600 1362096000 1362182400 1362268800 1362355200
1362441600 1362528000 1362614400 1362700800 1362787200
1362873600 1362960000 1363046400 1363132800 1363219200
1363305600 1363392000 1363478400 1363564800 1363651200
1363737600 1363824000 1363910400 1363996800 1364083200
1364169600 1364256000 1364342400 1364428800 1364515200
1364601600 1364688000 1364774400 1364860800 1364947200
1365033600 1365120000 1365206400 1365292800 1365379200
1365465600 1365552000 1365638400 1365724800 1365811200
1365897600 1365984000 1366070400 1366156800 1366243200
1366329600 1366416000 1366502400 1366588800 1366675200
1366761600 1366848000 1366934400 1367020800 1367107200
1367193600 1367280000 1367366400 1367452800 1367539200
1367625600 1367712000 1367798400 1367884800 1367971200
1368057600 1368144000 1368230400 1368316800 1368403200
1368489600 1368576000 1368662400 1368748800 1368835200
1368921600 1369008000 1369094400 1369180800 1369267200
1369353600 1369440000 1369526400 1369612800 1369699200
1369785600 1369872000 1369958400 1370044800 1370131200
1370217600 1370304000 1370390400 1370476800 1370563200
1370649600 1370736000 1370822400 1370908800 1370995200
1371081600 1371168000 1371254400 1371340800 1371427200
1371513600 1371600000 1371686400 1371772800 1371859200
1371945600 1372032000 1372118400 1372204800 1372291200
1372377600 1372464000 1372550400 1372636800 1372723200
1372809600 1372896000 1372982400 1373068800 1373155200
1373241600 1373328000 1373414400 1373500800 1373587200
1373673600 1373760000 1373846400 1373932800 1374019200
1374105600 1374192000 1374278400 1374364800 1374451200
1374537600 1374624000 1374710400 1374796800 1374883200
1374969600 1375056000 1375142400 1375228800 1375315200
1375401600 1375488000 1375574400 1375660800 1375747200
1375833600 1375920000 1376006400 1376092800 1376179200
1376265600 1376352000 1376438400 1376524800 1376611200
1376697600 1376784000 1376870400 1376956800 1377043200
1377129600 1377216000 1377302400 1377388800 1377475200
1377561600 1377648000 1377734400 1377820800 1377907200
1377993600 1378080000 1378166400 1378252800 1378339200
1378425600 1378512000 1378598400 1378684800 1378771200
1378857600 1378944000 1379030400 1379116800 1379203200
1379289600 1379376000 1379462400 1379548800 1379635200
1379721600 1379808000 1379894400 1379980800 1380067200
1380153600 1380240000 1380326400 1380412800 1380499200
1380585600 1380672000 1380758400 1380844800 1380931200
1381017600 1381104000 1381190400 1381276800 1381363200
1381449600 1381536000 1381622400 1381708800 1381795200
1381881600 1381968000 1382054400 1382140800 1382227200
1382313600 1382400000 1382486400 1382572800 1382659200
1382745600 1382832000 1382918400 1383004800 1383091200
1383177600 1383264000 1383350400 1383436800 1383523200
1383609600 1383696000 1383782400 1383868800 1383955200
1384041600 1384128000 1384214400 1384300800 1384387200
1384473600 1384560000 1384646400 1384732800 1384819200
1384905600 1384992000 1385078400 1385164800 1385251200
1385337600 1385424000 1385510400 1385596800 1385683200
1385769600 1385856000 1385942400 1386028800 1386115200
1386201600 1386288000 1386374400 1386460800 1386547200
1386633600 1386720000 1386806400 1386892800 1386979200
1387065600 1387152000 1387238400 1387324800 1387411200
1387497600 1387584000 1387670400 1387756800 1387843200
1387929600 1388016000 1388102400 1388188800 1388275200
1388361600 1388448000 1388534400 1388620800 1388707200
1388793600 1388880000 1388966400 1389052800 1389139200
1389225600 1389312000 1389398400 1389484800 1389571200
1389657600 1389744000 1389830400 1389916800 1390003200
1390089600 1390176000 1390262400 1390348800 1390435200
1390521600 1390608000 1390694400 1390780800 1390867200
1390953600 1391040000 1391126400 1391212800 1391299200
1391385600 1391472000 1391558400 1391644800 1391731200
1391817600 1391904000 1391990400 1392076800 1392163200
1392249600 1392336000 1392422400 1392508800 1392595200
1392681600 1392768000 1392854400 1392940800 1393027200
1393113600 1393200000 1393286400 1393372800 1393459200
1393545600 1393632000 1393718400 1393804800 1393891200
1393977600 1394064000 1394150400 1394236800 1394323200
1394409600 1394496000 1394582400 1394668800 1394755200
1394841600 1394928000 1395014400 1395100800 1395187200
1395273600 1395360000 1395446400 1395532800 1395619200
1395705600 1395792000 1395878400 1395964800 1396051200
1396137600 1396224000 1396310400 1396396800 1396483200
1396569600 1396656000 1396742400 1396828800 1396915200
1397001600 1397088000 1397174400 1397260800 1397347200
1397433600 1397520000 1397606400 1397692800 1397779200
1397865600 1397952000 1398038400 1398124800 1398211200
1398297600 1398384000 1398470400 1398556800 1398643200
1398729600 1398816000 1398902400 1398988800 1399075200
1399161600 1399248000 1399334400 1399420800 1399507200
1399593600 1399680000 1399766400 1399852800 1399939200
1400025600 1400112000 1400198400 1400284800 1400371200
1400457600 1400544000 1400630400 1400716800 1400803200
1400889600 1400976000 1401062400 1401148800 1401235200
1401321600 1401408000 1401494400 1401580800 1401667200
1401753600 1401840000 1401926400 1402012800 1402099200
1402185600 1402272000 1402358400 1402444800 1402531200
1402617600 1402704000 1402790400 1402876800 1402963200
1403049600 1403136000 1403222400 1403308800 1403395200
1403481600 1403568000 1403654400 1403740800 1403827200
1403913600 1.404e+09 1404086400 1404172800 1404259200
1404345600 1404432000 1404518400 1404604800 1404691200
1404777600 1404864000 1404950400 1405036800 1405123200
1405209600 1405296000 1405382400 1405468800 1405555200
1405641600 1405728000 1405814400 1405900800 1405987200
1406073600 1406160000 1406246400 1406332800 1406419200
1406505600 1406592000 1406678400 1406764800 1406851200
1406937600 1407024000 1407110400 1407196800 1407283200
1407369600 1407456000 1407542400 1407628800 1407715200
1407801600 1407888000 1407974400 1408060800 1408147200
1408233600 1408320000 1408406400 1408492800 1408579200
1408665600 1408752000 1408838400 1408924800 1409011200
1409097600 1409184000 1409270400 1409356800 1409443200
1409529600 1409616000 1409702400 1409788800 1409875200
1409961600 1410048000 1410134400 1410220800 1410307200
1410393600 1410480000 1410566400 1410652800 1410739200
1410825600 1410912000 1410998400 1411084800 1411171200
1411257600 1411344000 1411430400 1411516800 1411603200
1411689600 1411776000 1411862400 1411948800 1412035200
1412121600 1412208000 1412294400 1412380800 1412467200
1412553600 1412640000 1412726400 1412812800 1412899200
1412985600 1413072000 1413158400 1413244800 1413331200
1413417600 1413504000 1413590400 1413676800 1413763200
1413849600 1413936000 1414022400 1414108800 1414195200
1414281600 1414368000 1414454400 1414540800 1414627200
1414713600 1414800000 1414886400 1414972800 1415059200
1415145600 1415232000 1415318400 1415404800 1415491200
1415577600 1415664000 1415750400 1415836800 1415923200
1416009600 1416096000 1416182400 1416268800 1416355200
1416441600 1416528000 1416614400 1416700800 1416787200
1416873600 1416960000 1417046400 1417132800 1417219200
1417305600 1417392000 1417478400 1417564800 1417651200
1417737600 1417824000 1417910400 1417996800 1418083200
1418169600 1418256000 1418342400 1418428800 1418515200
1418601600 1418688000 1418774400 1418860800 1418947200
1419033600 1419120000 1419206400 1419292800 1419379200
1419465600 1419552000 1419638400 1419724800 1419811200
1419897600 1419984000 1420070400 1420156800 1420243200
1420329600 1420416000 1420502400 1420588800 1420675200
1420761600 1420848000 1420934400 1421020800 1421107200
1421193600 1421280000 1421366400 1421452800 1421539200
1421625600 1421712000 1421798400 1421884800 1421971200
1422057600 1422144000 1422230400 1422316800 1422403200
1422489600 1422576000 1422662400 1422748800 1422835200
1422921600 1423008000 1423094400 1423180800 1423267200
1423353600 1423440000 1423526400 1423612800 1423699200
1423785600 1423872000 1423958400 1424044800 1424131200
1424217600 1424304000 1424390400 1424476800 1424563200
1424649600 1424736000 1424822400 1424908800 1424995200
1425081600 1425168000 1425254400 1425340800 1425427200
1425513600 1425600000 1425686400 1425772800 1425859200
1425945600 1426032000 1426118400 1426204800 1426291200
1426377600 1426464000 1426550400 1426636800 1426723200
1426809600 1426896000 1426982400 1427068800 1427155200
1427241600 1427328000 1427414400 1427500800 1427587200
1427673600 1427760000 1427846400 1427932800 1428019200
1428105600 1428192000 1428278400 1428364800 1428451200
1428537600 1428624000 1428710400 1428796800 1428883200
1428969600 1429056000 1429142400 1429228800 1429315200
1429401600 1429488000 1429574400 1429660800 1429747200
1429833600 1429920000 1430006400 1430092800 1430179200
1430265600 1430352000 1430438400 1430524800 1430611200
1430697600 1430784000 1430870400 1430956800 1431043200
1431129600 1431216000 1431302400 1431388800 1431475200
1431561600 1431648000 1431734400 1431820800 1431907200
1431993600 1432080000 1432166400 1432252800 1432339200
1432425600 1432512000 1432598400 1432684800 1432771200
1432857600 1432944000 1433030400 1433116800 1433203200
1433289600 1433376000 1433462400 1433548800 1433635200
1433721600 1433808000 1433894400 1433980800 1434067200
1434153600 1434240000 1434326400 1434412800 1434499200
1434585600 1434672000 1434758400 1434844800 1434931200
1435017600 1435104000 1435190400 1435276800 1435363200
1435449600 1435536000 1435622400 1435708800 1435795200
1435881600 1435968000 1436054400 1436140800 1436227200
1436313600 1436400000 1436486400 1436572800 1436659200
1436745600 1436832000 1436918400 1437004800 1437091200
1437177600 1437264000 1437350400 1437436800 1437523200
1437609600 1437696000 1437782400 1437868800 1437955200
1438041600 1438128000 1438214400 1438300800 1438387200
1438473600 1438560000 1438646400 1438732800 1438819200
1438905600 1438992000 1439078400 1439164800 1439251200
1439337600 1439424000 1439510400 1439596800 1439683200
1439769600 1439856000 1439942400 1440028800 1440115200
1440201600 1440288000 1440374400 1440460800 1440547200
1440633600 1440720000 1440806400 1440892800 1440979200
1441065600 1441152000 1441238400 1441324800 1441411200
1441497600 1441584000 1441670400 1441756800 1441843200
1441929600 1442016000 1442102400 1442188800 1442275200
1442361600 1442448000 1442534400 1442620800 1442707200
1442793600 1442880000 1442966400 1443052800 1443139200
1443225600 1443312000 1443398400 1443484800 1443571200
