852076800 852163200 852249600 852336000 852422400
852508800 852595200 852681600 852768000 852854400
852940800 853027200 853113600 853200000 853286400
853372800 853459200 853545600 853632000 853718400
853804800 853891200 853977600 854064000 854150400
854236800 854323200 854409600 854496000 854582400
854668800 854755200 854841600 854928000 855014400
855100800 855187200 855273600 855360000 855446400
855532800 855619200 855705600 855792000 855878400
855964800 856051200 856137600 856224000 856310400
856396800 856483200 856569600 856656000 856742400
856828800 856915200 857001600 857088000 857174400
857260800 857347200 857433600 857520000 857606400
857692800 857779200 857865600 857952000 858038400
858124800 858211200 858297600 858384000 858470400
858556800 858643200 858729600 858816000 858902400
858988800 859075200 859161600 859248000 859334400
859420800 859507200 859593600 859680000 859766400
859852800 859939200 860025600 860112000 860198400
860284800 860371200 860457600 860544000 860630400
860716800 860803200 860889600 860976000 861062400
861148800 861235200 861321600 861408000 861494400
861580800 861667200 861753600 861840000 861926400
862012800 862099200 862185600 862272000 862358400
862444800 862531200 862617600 862704000 862790400
862876800 862963200 863049600 863136000 863222400
863308800 863395200 863481600 863568000 863654400
863740800 863827200 863913600 8.64e+08 864086400
864172800 864259200 864345600 864432000 864518400
864604800 864691200 864777600 864864000 864950400
865036800 865123200 865209600 865296000 865382400
865468800 865555200 865641600 865728000 865814400
865900800 865987200 866073600 866160000 866246400
866332800 866419200 866505600 866592000 866678400
866764800 866851200 866937600 867024000 867110400
867196800 867283200 867369600 867456000 867542400
867628800 867715200 867801600 867888000 867974400
868060800 868147200 868233600 868320000 868406400
868492800 868579200 868665600 868752000 868838400
868924800 869011200 869097600 869184000 869270400
869356800 869443200 869529600 869616000 869702400
869788800 869875200 869961600 870048000 870134400
870220800 870307200 870393600 870480000 870566400
870652800 870739200 870825600 870912000 870998400
871084800 871171200 871257600 871344000 871430400
871516800 871603200 871689600 871776000 871862400
871948800 872035200 872121600 872208000 872294400
872380800 872467200 872553600 872640000 872726400
872812800 872899200 872985600 873072000 873158400
873244800 873331200 873417600 873504000 873590400
873676800 873763200 873849600 873936000 874022400
874108800 874195200 874281600 874368000 874454400
874540800 874627200 874713600 874800000 874886400
874972800 875059200 875145600 875232000 875318400
875404800 875491200 875577600 875664000 875750400
875836800 875923200 876009600 876096000 876182400
876268800 876355200 876441600 876528000 876614400
876700800 876787200 876873600 876960000 877046400
877132800 877219200 877305600 877392000 877478400
877564800 877651200 877737600 877824000 877910400
877996800 878083200 878169600 878256000 878342400
878428800 878515200 878601600 878688000 878774400
878860800 878947200 879033600 879120000 879206400
879292800 879379200 879465600 879552000 879638400
879724800 879811200 879897600 879984000 880070400
880156800 880243200 880329600 880416000 880502400
880588800 880675200 880761600 880848000 880934400
881020800 881107200 881193600 881280000 881366400
881452800 881539200 881625600 881712000 881798400
881884800 881971200 882057600 882144000 882230400
882316800 882403200 882489600 882576000 882662400
882748800 882835200 882921600 883008000 883094400
883180800 883267200 883353600 883612800 883699200
883785600 883872000 883958400 884044800 884131200
884217600 884304000 884390400 884476800 884563200
884649600 884736000 884822400 884908800 884995200
885081600 885168000 885254400 885340800 885427200
885513600 885600000 885686400 885772800 885859200
885945600 886032000 886118400 886204800 886291200
886377600 886464000 886550400 886636800 886723200
886809600 886896000 886982400 887068800 887155200
887241600 887328000 887414400 887500800 887587200
887673600 887760000 887846400 887932800 888019200
888105600 888192000 888278400 888364800 888451200
888537600 888624000 888710400 888796800 888883200
888969600 889056000 889142400 889228800 889315200
889401600 889488000 889574400 889660800 889747200
889833600 889920000 890006400 890092800 890179200
890265600 890352000 890438400 890524800 890611200
890697600 890784000 890870400 890956800 891043200
891129600 891216000 891302400 891388800 891475200
891561600 891648000 891734400 891820800 891907200
891993600 892080000 892166400 892252800 892339200
892425600 892512000 892598400 892684800 892771200
892857600 892944000 893030400 893116800 893203200
893289600 893376000 893462400 893548800 893635200
893721600 893808000 893894400 893980800 894067200
894153600 894240000 894326400 894412800 894499200
894585600 894672000 894758400 894844800 894931200
895017600 895104000 895190400 895276800 895363200
895449600 895536000 895622400 895708800 895795200
895881600 895968000 896054400 896140800 896227200
896313600 896400000 896486400 896572800 896659200
896745600 896832000 896918400 897004800 897091200
897177600 897264000 897350400 897436800 897523200
897609600 897696000 897782400 897868800 897955200
898041600 898128000 898214400 898300800 898387200
898473600 898560000 898646400 898732800 898819200
898905600 898992000 899078400 899164800 899251200
899337600 899424000 899510400 899596800 899683200
899769600 899856000 899942400 900028800 900115200
900201600 900288000 900374400 900460800 900547200
900633600 900720000 900806400 900892800 900979200
901065600 901152000 901238400 901324800 901411200
901497600 901584000 901670400 901756800 901843200
901929600 902016000 902102400 902188800 902275200
902361600 902448000 902534400 902620800 902707200
902793600 902880000 902966400 903052800 903139200
903225600 903312000 903398400 903484800 903571200
903657600 903744000 903830400 903916800 904003200
904089600 904176000 904262400 904348800 904435200
904521600 904608000 904694400 904780800 904867200
904953600 905040000 905126400 905212800 905299200
905385600 905472000 905558400 905644800 905731200
905817600 905904000 905990400 906076800 906163200
906249600 906336000 906422400 906508800 906595200
906681600 906768000 906854400 906940800 907027200
907113600 907200000 907286400 907372800 907459200
907545600 907632000 907718400 907804800 907891200
907977600 908064000 908150400 908236800 908323200
908409600 908496000 908582400 908668800 908755200
908841600 908928000 909014400 909100800 909187200
909273600 909360000 909446400 909532800 909619200
909705600 909792000 909878400 909964800 910051200
910137600 910224000 910310400 910396800 910483200
910569600 910656000 910742400 910828800 910915200
911001600 911088000 911174400 911260800 911347200
911433600 911520000 911606400 911692800 911779200
911865600 911952000 912038400 912124800 912211200
912297600 912384000 912470400 912556800 912643200
912729600 912816000 912902400 912988800 913075200
913161600 913248000 913334400 913420800 913507200
913593600 913680000 913766400 913852800 913939200
914025600 914112000 914198400 914284800 914371200
914457600 914544000 914630400 914716800 914803200
914889600 914976000 915062400 915148800 915235200
915321600 915408000 915494400 915580800 915667200
915753600 915840000 915926400 916012800 916099200
916185600 916272000 916358400 916444800 916531200
916617600 916704000 916790400 916876800 916963200
917049600 917136000 917222400 917308800 917395200
917481600 917568000 917654400 917740800 917827200
917913600 9.18e+08 918086400 918172800 918259200
918345600 918432000 918518400 918604800 918691200
918777600 918864000 918950400 919036800 919123200
919209600 919296000 919382400 919468800 919555200
919641600 919728000 919814400 919900800 919987200
920073600 920160000 920246400 920332800 920419200
920505600 920592000 920678400 920764800 920851200
920937600 921024000 921110400 921196800 921283200
921369600 921456000 921542400 921628800 921715200
921801600 921888000 921974400 922060800 922147200
922233600 922320000 922406400 922492800 922579200
922665600 922752000 922838400 922924800 923011200
923097600 923184000 923270400 923356800 923443200
923529600 923616000 923702400 923788800 923875200
923961600 924048000 924134400 924220800 924307200
924393600 924480000 924566400 924652800 924739200
924825600 924912000 924998400 925084800 925171200
925257600 925344000 925430400 925516800 925603200
925689600 925776000 925862400 925948800 926035200
926121600 926208000 926294400 926380800 926467200
926553600 926640000 926726400 926812800 926899200
926985600 927072000 927158400 927244800 927331200
927417600 927504000 927590400 927676800 927763200
927849600 927936000 928022400 928108800 928195200
928281600 928368000 928454400 928540800 928627200
928713600 928800000 928886400 928972800 929059200
929145600 929232000 929318400 929404800 929491200
929577600 929664000 929750400 929836800 929923200
930009600 930096000 930182400 930268800 930355200
930441600 930528000 930614400 930700800 930787200
930873600 930960000 931046400 931132800 931219200
931305600 931392000 931478400 931564800 931651200
931737600 931824000 931910400 931996800 932083200
932169600 932256000 932342400 932428800 932515200
932601600 932688000 932774400 932860800 932947200
933033600 933120000 933206400 933292800 933379200
933465600 933552000 933638400 933724800 933811200
933897600 933984000 934070400 934156800 934243200
934329600 934416000 934502400 934588800 934675200
934761600 934848000 934934400 935020800 935107200
935193600 935280000 935366400 935452800 935539200
935625600 935712000 935798400 935884800 935971200
936057600 936144000 936230400 936316800 936403200
936489600 936576000 936662400 936748800 936835200
936921600 937008000 937094400 937180800 937267200
937353600 937440000 937526400 937612800 937699200
937785600 937872000 937958400 938044800 938131200
938217600 938304000 938390400 938476800 938563200
938649600 938736000 938822400 938908800 938995200
939081600 939168000 939254400 939340800 939427200
939513600 939600000 939686400 939772800 939859200
939945600 940032000 940118400 940204800 940291200
940377600 940464000 940550400 940636800 940723200
940809600 940896000 940982400 941068800 941155200
941241600 941328000 941414400 941500800 941587200
941673600 941760000 941846400 941932800 942019200
942105600 942192000 942278400 942364800 942451200
942537600 942624000 942710400 942796800 942883200
942969600 943056000 943142400 943228800 943315200
943401600 943488000 943574400 943660800 943747200
943833600 943920000 944006400 944092800 944179200
944265600 944352000 944438400 944524800 944611200
944697600 944784000 944870400 944956800 945043200
945129600 945216000 945302400 945388800 945475200
945561600 945648000 945734400 945820800 945907200
945993600 946080000 946166400 946252800 946339200
946425600 946512000 946598400 946684800 946771200
946857600 946944000 947030400 947116800 947203200
947289600 947376000 947462400 947548800 947635200
947721600 947808000 947894400 947980800 948067200
948153600 948240000 948326400 948412800 948499200
948585600 948672000 948758400 948844800 948931200
949017600 949104000 949190400 949276800 949363200
949449600 949536000 949622400 949708800 949795200
949881600 949968000 950054400 950140800 950227200
950313600 950400000 950486400 950572800 950659200
950745600 950832000 950918400 951004800 951091200
951177600 951264000 951350400 951436800 951523200
951609600 951696000 951782400 951868800 951955200
952041600 952128000 952214400 952300800 952387200
952473600 952560000 952646400 952732800 952819200
952905600 952992000 953078400 953164800 953251200
953337600 953424000 953510400 953596800 953683200
953769600 953856000 953942400 954028800 954115200
954201600 954288000 954374400 954460800 954547200
954633600 954720000 954806400 954892800 954979200
955065600 955152000 955238400 955324800 955411200
955497600 955584000 955670400 955756800 955843200
955929600 956016000 956102400 956188800 956275200
956361600 956448000 956534400 956620800 956707200
956793600 956880000 956966400 957052800 957139200
957225600 957312000 957398400 957484800 957571200
957657600 957744000 957830400 957916800 958003200
958089600 958176000 958262400 958348800 958435200
958521600 958608000 958694400 958780800 958867200
958953600 959040000 959126400 959212800 959299200
959385600 959472000 959558400 959644800 959731200
959817600 959904000 959990400 960076800 960163200
960249600 960336000 960422400 960508800 960595200
960681600 960768000 960854400 960940800 961027200
961113600 961200000 961286400 961372800 961459200
961545600 961632000 961718400 961804800 961891200
961977600 962064000 962150400 962236800 962323200
962409600 962496000 962582400 962668800 962755200
962841600 962928000 963014400 963100800 963187200
963273600 963360000 963446400 963532800 963619200
963705600 963792000 963878400 963964800 964051200
964137600 964224000 964310400 964396800 964483200
964569600 964656000 964742400 964828800 964915200
965001600 965088000 965174400 965260800 965347200
965433600 965520000 965606400 965692800 965779200
965865600 965952000 966038400 966124800 966211200
966297600 966384000 966470400 966556800 966643200
966729600 966816000 966902400 966988800 967075200
967161600 967248000 967334400 967420800 967507200
967593600 967680000 967766400 967852800 967939200
968025600 968112000 968198400 968284800 968371200
968457600 968544000 968630400 968716800 968803200
968889600 968976000 969062400 969148800 969235200
969321600 969408000 969494400 969580800 969667200
969753600 969840000 969926400 970012800 970099200
970185600 970272000 970358400 970444800 970531200
970617600 970704000 970790400 970876800 970963200
971049600 971136000 971222400 971308800 971395200
971481600 971568000 971654400 971740800 971827200
971913600 9.72e+08 972086400 972172800 972259200
972345600 972432000 972518400 972604800 972691200
972777600 972864000 972950400 973036800 973123200
973209600 973296000 973382400 973468800 973555200
973641600 973728000 973814400 973900800 973987200
974073600 974160000 974246400 974332800 974419200
974505600 974592000 974678400 974764800 974851200
974937600 975024000 975110400 975196800 975283200
975369600 975456000 975542400 975628800 975715200
975801600 975888000 975974400 976060800 976147200
976233600 976320000 976406400 976492800 976579200
976665600 976752000 976838400 976924800 977011200
977097600 977184000 977270400 977356800 977443200
977529600 977616000 977702400 977788800 977875200
977961600 978048000 978134400 978220800 978307200
978393600 978480000 978566400 978652800 978739200
978825600 978912000 978998400 979084800 979171200
979257600 979344000 979430400 979516800 979603200
979689600 979776000 979862400 979948800 980035200
980121600 980208000 980294400 980380800 980467200
980553600 980640000 980726400 980812800 980899200
980985600 981072000 981158400 981244800 981331200
981417600 981504000 981590400 981676800 981763200
981849600 981936000 982022400 982108800 982195200
982281600 982368000 982454400 982540800 982627200
982713600 982800000 982886400 982972800 983059200
983145600 983232000 983318400 983404800 983491200
983577600 983664000 983750400 983836800 983923200
984009600 984096000 984182400 984268800 984355200
984441600 984528000 984614400 984700800 984787200
984873600 984960000 985046400 985132800 985219200
985305600 985392000 985478400 985564800 985651200
985737600 985824000 985910400 985996800 986083200
986169600 986256000 986342400 986428800 986515200
986601600 986688000 986774400 986860800 986947200
987033600 987120000 987206400 987292800 987379200
987465600 987552000 987638400 987724800 987811200
987897600 987984000 988070400 988156800 988243200
988329600 988416000 988502400 988588800 988675200
988761600 988848000 988934400 989020800 989107200
989193600 989280000 989366400 989452800 989539200
989625600 989712000 989798400 989884800 989971200
990057600 990144000 990230400 990316800 990403200
990489600 990576000 990662400 990748800 990835200
990921600 991008000 991094400 991180800 991267200
991353600 991440000 991526400 991612800 991699200
991785600 991872000 991958400 992044800 992131200
992217600 992304000 992390400 992476800 992563200
992649600 992736000 992822400 992908800 992995200
993081600 993168000 993254400 993340800 993427200
993513600 993600000 993686400 993772800 993859200
993945600 994032000 994118400 994204800 994291200
994377600 994464000 994550400 994636800 994723200
994809600 994896000 994982400 995068800 995155200
995241600 995328000 995414400 995500800 995587200
995673600 995760000 995846400 995932800 996019200
996105600 996192000 996278400 996364800 996451200
996537600 996624000 996710400 996796800 996883200
996969600 997056000 997142400 997228800 997315200
997401600 997488000 997574400 997660800 997747200
997833600 997920000 998006400 998092800 998179200
998265600 998352000 998438400 998524800 998611200
998697600 998784000 998870400 998956800 999043200
999129600 999216000 999302400 999388800 999475200
999561600 999648000 999734400 999820800 999907200
999993600 1000080000 1000166400 1000252800 1000339200
1000425600 1000512000 1000598400 1000684800 1000771200
1000857600 1000944000 1001030400 1001116800 1001203200
1001289600 1001376000 1001462400 1001548800 1001635200
1001721600 1001808000 1001894400 1001980800 1002067200
1002153600 1002240000 1002326400 1002412800 1002499200
1002585600 1002672000 1002758400 1002844800 1002931200
1003017600 1003104000 1003190400 1003276800 1003363200
1003449600 1003536000 1003622400 1003708800 1003795200
1003881600 1003968000 1004054400 1004140800 1004227200
1004313600 1004400000 1004486400 1004572800 1004659200
1004745600 1004832000 1004918400 1005004800 1005091200
1005177600 1005264000 1005350400 1005436800 1005523200
1005609600 1005696000 1005782400 1005868800 1005955200
1006041600 1006128000 1006214400 1006300800 1006387200
1006473600 1006560000 1006646400 1006732800 1006819200
1006905600 1006992000 1007078400 1007164800 1007251200
1007337600 1007424000 1007510400 1007596800 1007683200
1007769600 1007856000 1007942400 1008028800 1008115200
1008201600 1008288000 1008374400 1008460800 1008547200
1008633600 1008720000 1008806400 1008892800 1008979200
1009065600 1009152000 1009238400 1009324800 1009411200
1009497600 1009584000 1009670400 1009756800 1009843200
1009929600 1010016000 1010102400 1010188800 1010275200
1010361600 1010448000 1010534400 1010620800 1010707200
1010793600 1010880000 1010966400 1011052800 1011139200
1011225600 1011312000 1011398400 1011484800 1011571200
1011657600 1011744000 1011830400 1011916800 1012003200
1012089600 1012176000 1012262400 1012348800 1012435200
1012521600 1012608000 1012694400 1012780800 1012867200
1012953600 1013040000 1013126400 1013212800 1013299200
1013385600 1013472000 1013558400 1013644800 1013731200
1013817600 1013904000 1013990400 1014076800 1014163200
1014249600 1014336000 1014422400 1014508800 1014595200
1014681600 1014768000 1014854400 1014940800 1015027200
1015113600 1015200000 1015286400 1015372800 1015459200
1015545600 1015632000 1015718400 1015804800 1015891200
1015977600 1016064000 1016150400 1016236800 1016323200
1016409600 1016496000 1016582400 1016668800 1016755200
1016841600 1016928000 1017014400 1017100800 1017187200
1017273600 1017360000 1017446400 1017532800 1017619200
1017705600 1017792000 1017878400 1017964800 1018051200
1018137600 1018224000 1018310400 1018396800 1018483200
1018569600 1018656000 1018742400 1018828800 1018915200
1019001600 1019088000 1019174400 1019260800 1019347200
1019433600 1019520000 1019606400 1019692800 1019779200
1019865600 1019952000 1020038400 1020124800 1020211200
1020297600 1020384000 1020470400 1020556800 1020643200
1020729600 1020816000 1020902400 1020988800 1021075200
1021161600 1021248000 1021334400 1021420800 1021507200
1021593600 1021680000 1021766400 1021852800 1021939200
1022025600 1022112000 1022198400 1022284800 1022371200
1022457600 1022544000 1022630400 1022716800 1022803200
1022889600 1022976000 1023062400 1023148800 1023235200
1023321600 1023408000 1023494400 1023580800 1023667200
1023753600 1023840000 1023926400 1024012800 1024099200
1024185600 1024272000 1024358400 1024444800 1024531200
1024617600 1024704000 1024790400 1024876800 1024963200
1025049600 1025136000 1025222400 1025308800 1025395200
1025481600 1025568000 1025654400 1025740800 1025827200
1025913600 1.026e+09 1026086400 1026172800 1026259200
1026345600 1026432000 1026518400 1026604800 1026691200
1026777600 1026864000 1026950400 1027036800 1027123200
1027209600 1027296000 1027382400 1027468800 1027555200
1027641600 1027728000 1027814400 1027900800 1027987200
1028073600 1028160000 1028246400 1028332800 1028419200
1028505600 1028592000 1028678400 1028764800 1028851200
1028937600 1029024000 1029110400 1029196800 1029283200
1029369600 1029456000 1029542400 1029628800 1029715200
1029801600 1029888000 1029974400 1030060800 1030147200
1030233600 1030320000 1030406400 1030492800 1030579200
1030665600 1030752000 1030838400 1030924800 1031011200
1031097600 1031184000 1031270400 1031356800 1031443200
1031529600 1031616000 1031702400 1031788800 1031875200
1031961600 1032048000 1032134400 1032220800 1032307200
1032393600 1032480000 1032566400 1032652800 1032739200
1032825600 1032912000 1032998400 1033084800 1033171200
1033257600 1033344000 1033430400 1033516800 1033603200
1033689600 1033776000 1033862400 1033948800 1034035200
1034121600 1034208000 1034294400 1034380800 1034467200
1034553600 1034640000 1034726400 1034812800 1034899200
1034985600 1035072000 1035158400 1035244800 1035331200
1035417600 1035504000 1035590400 1035676800 1035763200
1035849600 1035936000 1036022400 1036108800 1036195200
1036281600 1036368000 1036454400 1036540800 1036627200
1036713600 1036800000 1036886400 1036972800 1037059200
1037145600 1037232000 1037318400 1037404800 1037491200
1037577600 1037664000 1037750400 1037836800 1037923200
1038009600 1038096000 1038182400 1038268800 1038355200
1038441600 1038528000 1038614400 1038700800 1038787200
1038873600 1038960000 1039046400 1039132800 1039219200
1039305600 1039392000 1039478400 1039564800 1039651200
1039737600 1039824000 1039910400 1039996800 1040083200
1040169600 1040256000 1040342400 1040428800 1040515200
1040601600 1040688000 1040774400 1040860800 1040947200
1041033600 1041120000 1041206400 1041292800 1041379200
1041465600 1041552000 1041638400 1041724800 1041811200
1041897600 1041984000 1042070400 1042156800 1042243200
1042329600 1042416000 1042502400 1042588800 1042675200
1042761600 1042848000 1042934400 1043020800 1043107200
1043193600 1043280000 1043366400 1043452800 1043539200
1043625600 1043712000 1043798400 1043884800 1043971200
1044057600 1044144000 1044230400 1044316800 1044403200
1044489600 1044576000 1044662400 1044748800 1044835200
1044921600 1045008000 1045094400 1045180800 1045267200
1045353600 1045440000 1045526400 1045612800 1045699200
1045785600 1045872000 1045958400 1046044800 1046131200
1046217600 1046304000 1046390400 1046476800 1046563200
1046649600 1046736000 1046822400 1046908800 1046995200
1047081600 1047168000 1047254400 1047340800 1047427200
1047513600 1047600000 1047686400 1047772800 1047859200
1047945600 1048032000 1048118400 1048204800 1048291200
1048377600 1048464000 1048550400 1048636800 1048723200
1048809600 1048896000 1048982400 1049068800 1049155200
1049241600 1049328000 1049414400 1049500800 1049587200
1049673600 1049760000 1049846400 1049932800 1050019200
1050105600 1050192000 1050278400 1050364800 1050451200
1050537600 1050624000 1050710400 1050796800 1050883200
1050969600 1051056000 1051142400 1051228800 1051315200
1051401600 1051488000 1051574400 1051660800 1051747200
1051833600 1051920000 1052006400 1052092800 1052179200
1052265600 1052352000 1052438400 1052524800 1052611200
1052697600 1052784000 1052870400 1052956800 1053043200
1053129600 1053216000 1053302400 1053388800 1053475200
1053561600 1053648000 1053734400 1053820800 1053907200
1053993600 1054080000 1054166400 1054252800 1054339200
1054425600 1054512000 1054598400 1054684800 1054771200
1054857600 1054944000 1055030400 1055116800 1055203200
1055289600 1055376000 1055462400 1055548800 1055635200
1055721600 1055808000 1055894400 1055980800 1056067200
1056153600 1056240000 1056326400 1056412800 1056499200
1056585600 1056672000 1056758400 1056844800 1056931200
1057017600 1057104000 1057190400 1057276800 1057363200
1057449600 1057536000 1057622400 1057708800 1057795200
1057881600 1057968000 1058054400 1058140800 1058227200
1058313600 1058400000 1058486400 1058572800 1058659200
1058745600 1058832000 1058918400 1059004800 1059091200
1059177600 1059264000 1059350400 1059436800 1059523200
1059609600 1059696000 1059782400 1059868800 1059955200
1060041600 1060128000 1060214400 1060300800 1060387200
1060473600 1060560000 1060646400 1060732800 1060819200
1060905600 1060992000 1061078400 1061164800 1061251200
1061337600 1061424000 1061510400 1061596800 1061683200
1061769600 1061856000 1061942400 1062028800 1062115200
1062201600 1062288000 1062374400 1062460800 1062547200
1062633600 1062720000 1062806400 1062892800 1062979200
1063065600 1063152000 1063238400 1063324800 1063411200
1063497600 1063584000 1063670400 1063756800 1063843200
1063929600 1064016000 1064102400 1064188800 1064275200
1064361600 1064448000 1064534400 1064620800 1064707200
1064793600 1064880000 1064966400 1065052800 1065139200
1065225600 1065312000 1065398400 1065484800 1065571200
1065657600 1065744000 1065830400 1065916800 1066003200
1066089600 1066176000 1066262400 1066348800 1066435200
1066521600 1066608000 1066694400 1066780800 1066867200
1066953600 1067040000 1067126400 1067212800 1067299200
1067385600 1067472000 1067558400 1067644800 1067731200
1067817600 1067904000 1067990400 1068076800 1068163200
1068249600 1068336000 1068422400 1068508800 1068595200
1068681600 1068768000 1068854400 1068940800 1069027200
1069113600 1069200000 1069286400 1069372800 1069459200
1069545600 1069632000 1069718400 1069804800 1069891200
1069977600 1070064000 1070150400 1070236800 1070323200
1070409600 1070496000 1070582400 1070668800 1070755200
1070841600 1070928000 1071014400 1071100800 1071187200
1071273600 1071360000 1071446400 1071532800 1071619200
1071705600 1071792000 1071878400 1071964800 1072051200
1072137600 1072224000 1072310400 1072396800 1072483200
1072569600 1072656000 1072742400 1072828800 1072915200
1073001600 1073088000 1073174400 1073260800 1073347200
1073433600 1073520000 1073606400 1073692800 1073779200
1073865600 1073952000 1074038400 1074124800 1074211200
1074297600 1074384000 1074470400 1074556800 1074643200
1074729600 1074816000 1074902400 1074988800 1075075200
1075161600 1075248000 1075334400 1075420800 1075507200
1075593600 1075680000 1075766400 1075852800 1075939200
1076025600 1076112000 1076198400 1076284800 1076371200
1076457600 1076544000 1076630400 1076716800 1076803200
1076889600 1076976000 1077062400 1077148800 1077235200
1077321600 1077408000 1077494400 1077580800 1077667200
1077753600 1077840000 1077926400 1078012800 1078099200
1078185600 1078272000 1078358400 1078444800 1078531200
1078617600 1078704000 1078790400 1078876800 1078963200
1079049600 1079136000 1079222400 1079308800 1079395200
1079481600 1079568000 1079654400 1079740800 1079827200
1079913600 1.08e+09 1080086400 1080172800 1080259200
1080345600 1080432000 1080518400 1080604800 1080691200
1080777600 1080864000 1080950400 1081036800 1081123200
1081209600 1081296000 1081382400 1081468800 1081555200
1081641600 1081728000 1081814400 1081900800 1081987200
1082073600 1082160000 1082246400 1082332800 1082419200
1082505600 1082592000 1082678400 1082764800 1082851200
1082937600 1083024000 1083110400 1083196800 1083283200
1083369600 1083456000 1083542400 1083628800 1083715200
1083801600 1083888000 1083974400 1084060800 1084147200
1084233600 1084320000 1084406400 1084492800 1084579200
1084665600 1084752000 1084838400 1084924800 1085011200
1085097600 1085184000 1085270400 1085356800 1085443200
1085529600 1085616000 1085702400 1085788800 1085875200
1085961600 1086048000 1086134400 1086220800 1086307200
1086393600 1086480000 1086566400 1086652800 1086739200
1086825600 1086912000 1086998400 1087084800 1087171200
1087257600 1087344000 1087430400 1087516800 1087603200
1087689600 1087776000 1087862400 1087948800 1088035200
1088121600 1088208000 1088294400 1088380800 1088467200
1088553600 1088640000 1088726400 1088812800 1088899200
1088985600 1089072000 1089158400 1089244800 1089331200
1089417600 1089504000 1089590400 1089676800 1089763200
1089849600 1089936000 1090022400 1090108800 1090195200
1090281600 1090368000 1090454400 1090540800 1090627200
1090713600 1090800000 1090886400 1090972800 1091059200
1091145600 1091232000 1091318400 1091404800 1091491200
1091577600 1091664000 1091750400 1091836800 1091923200
1092009600 1092096000 1092182400 1092268800 1092355200
1092441600 1092528000 1092614400 1092700800 1092787200
1092873600 1092960000 1093046400 1093132800 1093219200
1093305600 1093392000 1093478400 1093564800 1093651200
1093737600 1093824000 1093910400 1093996800 1094083200
1094169600 1094256000 1094342400 1094428800 1094515200
1094601600 1094688000 1094774400 1094860800 1094947200
1095033600 1095120000 1095206400 1095292800 1095379200
1095465600 1095552000 1095638400 1095724800 1095811200
1095897600 1095984000 1096070400 1096156800 1096243200
1096329600 1096416000 1096502400 1096588800 1096675200
1096761600 1096848000 1096934400 1097020800 1097107200
1097193600 1097280000 1097366400 1097452800 1097539200
1097625600 1097712000 1097798400 1097884800 1097971200
1098057600 1098144000 1098230400 1098316800 1098403200
1098489600 1098576000 1098662400 1098748800 1098835200
1098921600 1099008000 1099094400 1099180800 1099267200
1099353600 1099440000 1099526400 1099612800 1099699200
1099785600 1099872000 1099958400 1100044800 1100131200
1100217600 1100304000 1100390400 1100476800 1100563200
1100649600 1100736000 1100822400 1100908800 1100995200
1101081600 1101168000 1101254400 1101340800 1101427200
1101513600 1101600000 1101686400 1101772800 1101859200
1101945600 1102032000 1102118400 1102204800 1102291200
1102377600 1102464000 1102550400 1102636800 1102723200
1102809600 1102896000 1102982400 1103068800 1103155200
1103241600 1103328000 1103414400 1103500800 1103587200
1103673600 1103760000 1103846400 1103932800 1104019200
1104105600 1104192000 1104278400 1104364800 1104451200
1104537600 1104624000 1104710400 1104796800 1104883200
1104969600 1105056000 1105142400 1105228800 1105315200
1105401600 1105488000 1105574400 1105660800 1105747200
1105833600 1105920000 1106006400 1106092800 1106179200
1106265600 1106352000 1106438400 1106524800 1106611200
1106697600 1106784000 1106870400 1106956800 1107043200
1107129600 1107216000 1107302400 1107388800 1107475200
1107561600 1107648000 1107734400 1107820800 1107907200
1107993600 1108080000 1108166400 1108252800 1108339200
1108425600 1108512000 1108598400 1108684800 1108771200
1108857600 1108944000 1109030400 1109116800 1109203200
1109289600 1109376000 1109462400 1109548800 1109635200
1109721600 1109808000 1109894400 1109980800 1110067200
1110153600 1110240000 1110326400 1110412800 1110499200
1110585600 1110672000 1110758400 1110844800 1110931200
1111017600 1111104000 1111190400 1111276800 1111363200
1111449600 1111536000 1111622400 1111708800 1111795200
1111881600 1111968000 1112054400 1112140800 1112227200
1112313600 1112400000 1112486400 1112572800 1112659200
1112745600 1112832000 1112918400 1113004800 1113091200
1113177600 1113264000 1113350400 1113436800 1113523200
1113609600 1113696000 1113782400 1113868800 1113955200
1114041600 1114128000 1114214400 1114300800 1114387200
1114473600 1114560000 1114646400 1114732800 1114819200
1114905600 1114992000 1115078400 1115164800 1115251200
1115337600 1115424000 1115510400 1115596800 1115683200
1115769600 1115856000 1115942400 1116028800 1116115200
1116201600 1116288000 1116374400 1116460800 1116547200
1116633600 1116720000 1116806400 1116892800 1116979200
1117065600 1117152000 1117238400 1117324800 1117411200
1117497600 1117584000 1117670400 1117756800 1117843200
1117929600 1118016000 1118102400 1118188800 1118275200
1118361600 1118448000 1118534400 1118620800 1118707200
1118793600 1118880000 1118966400 1119052800 1119139200
1119225600 1119312000 1119398400 1119484800 1119571200
1119657600 1119744000 1119830400 1119916800 1120003200
1120089600 1120176000 1120262400 1120348800 1120435200
1120521600 1120608000 1120694400 1120780800 1120867200
1120953600 1121040000 1121126400 1121212800 1121299200
1121385600 1121472000 1121558400 1121644800 1121731200
1121817600 1121904000 1121990400 1122076800 1122163200
1122249600 1122336000 1122422400 1122508800 1122595200
1122681600 1122768000 1122854400 1122940800 1123027200
1123113600 1123200000 1123286400 1123372800 1123459200
1123545600 1123632000 1123718400 1123804800 1123891200
1123977600 1124064000 1124150400 1124236800 1124323200
1124409600 1124496000 1124582400 1124668800 1124755200
1124841600 1124928000 1125014400 1125100800 1125187200
1125273600 1125360000 1125446400 1125532800 1125619200
1125705600 1125792000 1125878400 1125964800 1126051200
1126137600 1126224000 1126310400 1126396800 1126483200
1126569600 1126656000 1126742400 1126828800 1126915200
1127001600 1127088000 1127174400 1127260800 1127347200
1127433600 1127520000 1127606400 1127692800 1127779200
1127865600 1127952000 1128038400 1128124800 1128211200
1128297600 1128384000 1128470400 1128556800 1128643200
1128729600 1128816000 1128902400 1128988800 1129075200
1129161600 1129248000 1129334400 1129420800 1129507200
1129593600 1129680000 1129766400 1129852800 1129939200
1130025600 1130112000 1130198400 1130284800 1130371200
1130457600 1130544000 1130630400 1130716800 1130803200
1130889600 1130976000 1131062400 1131148800 1131235200
1131321600 1131408000 1131494400 1131580800 1131667200
1131753600 1131840000 1131926400 1132012800 1132099200
1132185600 1132272000 1132358400 1132444800 1132531200
1132617600 1132704000 1132790400 1132876800 1132963200
1133049600 1133136000 1133222400 1133308800 1133395200
1133481600 1133568000 1133654400 1133740800 1133827200
1133913600 1.134e+09 1134086400 1134172800 1134259200
1134345600 1134432000 1134518400 1134604800 1134691200
1134777600 1134864000 1134950400 1135036800 1135123200
1135209600 1135296000 1135382400 1135468800 1135555200
1135641600 1135728000 1135814400 1135900800 1135987200
1136073600 1136160000 1136246400 1136332800 1136419200
1136505600 1136592000 1136678400 1136764800 1136851200
1136937600 1137024000 1137110400 1137196800 1137283200
1137369600 1137456000 1137542400 1137628800 1137715200
1137801600 1137888000 1137974400 1138060800 1138147200
1138233600 1138320000 1138406400 1138492800 1138579200
1138665600 1138752000 1138838400 1138924800 1139011200
1139097600 1139184000 1139270400 1139356800 1139443200
1139529600 1139616000 1139702400 1139788800 1139875200
1139961600 1140048000 1140134400 1140220800 1140307200
1140393600 1140480000 1140566400 1140652800 1140739200
1140825600 1140912000 1140998400 1141084800 1141171200
1141257600 1141344000 1141430400 1141516800 1141603200
1141689600 1141776000 1141862400 1141948800 1142035200
1142121600 1142208000 1142294400 1142380800 1142467200
1142553600 1142640000 1142726400 1142812800 1142899200
1142985600 1143072000 1143158400 1143244800 1143331200
1143417600 1143504000 1143590400 1143676800 1143763200
1143849600 1143936000 1144022400 1144108800 1144195200
1144281600 1144368000 1144454400 1144540800 1144627200
1144713600 1144800000 1144886400 1144972800 1145059200
1145145600 1145232000 1145318400 1145404800 1145491200
1145577600 1145664000 1145750400 1145836800 1145923200
1146009600 1146096000 1146182400 1146268800 1146355200
1146441600 1146528000 1146614400 1146700800 1146787200
1146873600 1146960000 1147046400 1147132800 1147219200
1147305600 1147392000 1147478400 1147564800 1147651200
1147737600 1147824000 1147910400 1147996800 1148083200
1148169600 1148256000 1148342400 1148428800 1148515200
1148601600 1148688000 1148774400 1148860800 1148947200
1149033600 1149120000 1149206400 1149292800 1149379200
1149465600 1149552000 1149638400 1149724800 1149811200
1149897600 1149984000 1150070400 1150156800 1150243200
1150329600 1150416000 1150502400 1150588800 1150675200
1150761600 1150848000 1150934400 1151020800 1151107200
1151193600 1151280000 1151366400 1151452800 1151539200
1151625600 1151712000 1151798400 1151884800 1151971200
1152057600 1152144000 1152230400 1152316800 1152403200
1152489600 1152576000 1152662400 1152748800 1152835200
1152921600 1153008000 1153094400 1153180800 1153267200
1153353600 1153440000 1153526400 1153612800 1153699200
1153785600 1153872000 1153958400 1154044800 1154131200
1154217600 1154304000 1154390400 1154476800 1154563200
1154649600 1154736000 1154822400 1154908800 1154995200
1155081600 1155168000 1155254400 1155340800 1155427200
1155513600 1155600000 1155686400 1155772800 1155859200
1155945600 1156032000 1156118400 1156204800 1156291200
1156377600 1156464000 1156550400 1156636800 1156723200
1156809600 1156896000 1156982400 1157068800 1157155200
1157241600 1157328000 1157414400 1157500800 1157587200
1157673600 1157760000 1157846400 1157932800 1158019200
1158105600 1158192000 1158278400 1158364800 1158451200
1158537600 1158624000 1158710400 1158796800 1158883200
1158969600 1159056000 1159142400 1159228800 1159315200
1159401600 1159488000 1159574400 1159660800 1159747200
1159833600 1159920000 1160006400 1160092800 1160179200
1160265600 1160352000 1160438400 1160524800 1160611200
1160697600 1160784000 1160870400 1160956800 1161043200
1161129600 1161216000 1161302400 1161388800 1161475200
1161561600 1161648000 1161734400 1161820800 1161907200
1161993600 1162080000 1162166400 1162252800 1162339200
1162425600 1162512000 1162598400 1162684800 1162771200
1162857600 1162944000 1163030400 1163116800 1163203200
1163289600 1163376000 1163462400 1163548800 1163635200
1163721600 1163808000 1163894400 1163980800 1164067200
1164153600 1164240000 1164326400 1164412800 1164499200
1164585600 1164672000 1164758400 1164844800 1164931200
1165017600 1165104000 1165190400 1165276800 1165363200
1165449600 1165536000 1165622400 1165708800 1165795200
1165881600 1165968000 1166054400 1166140800 1166227200
1166313600 1166400000 1166486400 1166572800 1166659200
1166745600 1166832000 1166918400 1167004800 1167091200
1167177600 1167264000 1167350400 1167436800 1167523200
1167609600 1167696000 1167782400 1167868800 1167955200
1168041600 1168128000 1168214400 1168300800 1168387200
1168473600 1168560000 1168646400 1168732800 1168819200
1168905600 1168992000 1169078400 1169164800 1169251200
1169337600 1169424000 1169510400 1169596800 1169683200
1169769600 1169856000 1169942400 1170028800 1170115200
1170201600 1170288000 1170374400 1170460800 1170547200
1170633600 1170720000 1170806400 1170892800 1170979200
1171065600 1171152000 1171238400 1171324800 1171411200
1171497600 1171584000 1171670400 1171756800 1171843200
1171929600 1172016000 1172102400 1172188800 1172275200
1172361600 1172448000 1172534400 1172620800 1172707200
1172793600 1172880000 1172966400 1173052800 1173139200
1173225600 1173312000 1173398400 1173484800 1173571200
1173657600 1173744000 1173830400 1173916800 1174003200
1174089600 1174176000 1174262400 1174348800 1174435200
1174521600 1174608000 1174694400 1174780800 1174867200
1174953600 1175040000 1175126400 1175212800 1175299200
1175385600 1175472000 1175558400 1175644800 1175731200
1175817600 1175904000 1175990400 1176076800 1176163200
1176249600 1176336000 1176422400 1176508800 1176595200
1176681600 1176768000 1176854400 1176940800 1177027200
1177113600 1177200000 1177286400 1177372800 1177459200
1177545600 1177632000 1177718400 1177804800 1177891200
1177977600 1178064000 1178150400 1178236800 1178323200
1178409600 1178496000 1178582400 1178668800 1178755200
1178841600 1178928000 1179014400 1179100800 1179187200
1179273600 1179360000 1179446400 1179532800 1179619200
1179705600 1179792000 1179878400 1179964800 1180051200
1180137600 1180224000 1180310400 1180396800 1180483200
1180569600 1180656000 1180742400 1180828800 1180915200
1181001600 1181088000 1181174400 1181260800 1181347200
1181433600 1181520000 1181606400 1181692800 1181779200
1181865600 1181952000 1182038400 1182124800 1182211200
1182297600 1182384000 1182470400 1182556800 1182643200
1182729600 1182816000 1182902400 1182988800 1183075200
1183161600 1183248000 1183334400 1183420800 1183507200
1183593600 1183680000 1183766400 1183852800 1183939200
1184025600 1184112000 1184198400 1184284800 1184371200
1184457600 1184544000 1184630400 1184716800 1184803200
1184889600 1184976000 1185062400 1185148800 1185235200
1185321600 1185408000 1185494400 1185580800 1185667200
1185753600 1185840000 1185926400 1186012800 1186099200
1186185600 1186272000 1186358400 1186444800 1186531200
1186617600 1186704000 1186790400 1186876800 1186963200
1187049600 1187136000 1187222400 1187308800 1187395200
1187481600 1187568000 1187654400 1187740800 1187827200
1187913600 1.188e+09 1188086400 1188172800 1188259200
1188345600 1188432000 1188518400 1188604800 1188691200
1188777600 1188864000 1188950400 1189036800 1189123200
1189209600 1189296000 1189382400 1189468800 1189555200
1189641600 1189728000 1189814400 1189900800 1189987200
1190073600 1190160000 1190246400 1190332800 1190419200
1190505600 1190592000 1190678400 1190764800 1190851200
1190937600 1191024000 1191110400 1191196800 1191283200
1191369600 1191456000 1191542400 1191628800 1191715200
1191801600 1191888000 1191974400 1192060800 1192147200
1192233600 1192320000 1192406400 1192492800 1192579200
1192665600 1192752000 1192838400 1192924800 1193011200
1193097600 1193184000 1193270400 1193356800 1193443200
1193529600 1193616000 1193702400 1193788800 1193875200
1193961600 1194048000 1194134400 1194220800 1194307200
1194393600 1194480000 1194566400 1194652800 1194739200
1194825600 1194912000 1194998400 1195084800 1195171200
1195257600 1195344000 1195430400 1195516800 1195603200
1195689600 1195776000 1195862400 1195948800 1196035200
1196121600 1196208000 1196294400 1196380800 1196467200
1196553600 1196640000 1196726400 1196812800 1196899200
1196985600 1197072000 1197158400 1197244800 1197331200
1197417600 1197504000 1197590400 1197676800 1197763200
1197849600 1197936000 1198022400 1198108800 1198195200
1198281600 1198368000 1198454400 1198540800 1198627200
1198713600 1198800000 1198886400 1198972800 1199059200
1199145600 1199232000 1199318400 1199404800 1199491200
1199577600 1199664000 1199750400 1199836800 1199923200
1200009600 1200096000 1200182400 1200268800 1200355200
1200441600 1200528000 1200614400 1200700800 1200787200
1200873600 1200960000 1201046400 1201132800 1201219200
1201305600 1201392000 1201478400 1201564800 1201651200
1201737600 1201824000 1201910400 1201996800 1202083200
1202169600 1202256000 1202342400 1202428800 1202515200
1202601600 1202688000 1202774400 1202860800 1202947200
1203033600 1203120000 1203206400 1203292800 1203379200
1203465600 1203552000 1203638400 1203724800 1203811200
1203897600 1203984000 1204070400 1204156800 1204243200
1204329600 1204416000 1204502400 1204588800 1204675200
1204761600 1204848000 1204934400 1205020800 1205107200
1205193600 1205280000 1205366400 1205452800 1205539200
1205625600 1205712000 1205798400 1205884800 1205971200
1206057600 1206144000 1206230400 1206316800 1206403200
1206489600 1206576000 1206662400 1206748800 1206835200
1206921600 1207008000 1207094400 1207180800 1207267200
1207353600 1207440000 1207526400 1207612800 1207699200
1207785600 1207872000 1207958400 1208044800 1208131200
1208217600 1208304000 1208390400 1208476800 1208563200
1208649600 1208736000 1208822400 1208908800 1208995200
1209081600 1209168000 1209254400 1209340800 1209427200
1209513600 1209600000 1209686400 1209772800 1209859200
1209945600 1210032000 1210118400 1210204800 1210291200
1210377600 1210464000 1210550400 1210636800 1210723200
1210809600 1210896000 1210982400 1211068800 1211155200
1211241600 1211328000 1211414400 1211500800 1211587200
1211673600 1211760000 1211846400 1211932800 1212019200
1212105600 1212192000 1212278400 1212364800 1212451200
1212537600 1212624000 1212710400 1212796800 1212883200
1212969600 1213056000 1213142400 1213228800 1213315200
1213401600 1213488000 1213574400 1213660800 1213747200
1213833600 1213920000 1214006400 1214092800 1214179200
1214265600 1214352000 1214438400 1214524800 1214611200
1214697600 1214784000 1214870400 1214956800 1215043200
1215129600 1215216000 1215302400 1215388800 1215475200
1215561600 1215648000 1215734400 1215820800 1215907200
1215993600 1216080000 1216166400 1216252800 1216339200
1216425600 1216512000 1216598400 1216684800 1216771200
1216857600 1216944000 1217030400 1217116800 1217203200
1217289600 1217376000 1217462400 1217548800 1217635200
1217721600 1217808000 1217894400 1217980800 1218067200
1218153600 1218240000 1218326400 1218412800 1218499200
1218585600 1218672000 1218758400 1218844800 1218931200
1219017600 1219104000 1219190400 1219276800 1219363200
1219449600 1219536000 1219622400 1219708800 1219795200
1219881600 1219968000 1220054400 1220140800 1220227200
1220313600 1220400000 1220486400 1220572800 1220659200
1220745600 1220832000 1220918400 1221004800 1221091200
1221177600 1221264000 1221350400 1221436800 1221523200
1221609600 1221696000 1221782400 1221868800 1221955200
1222041600 1222128000 1222214400 1222300800 1222387200
1222473600 1222560000 1222646400 1222732800 1222819200
1222905600 1222992000 1223078400 1223164800 1223251200
1223337600 1223424000 1223510400 1223596800 1223683200
1223769600 1223856000 1223942400 1224028800 1224115200
1224201600 1224288000 1224374400 1224460800 1224547200
1224633600 1224720000 1224806400 1224892800 1224979200
1225065600 1225152000 1225238400 1225324800 1225411200
1225497600 1225584000 1225670400 1225756800 1225843200
1225929600 1226016000 1226102400 1226188800 1226275200
1226361600 1226448000 1226534400 1226620800 1226707200
1226793600 1226880000 1226966400 1227052800 1227139200
1227225600 1227312000 1227398400 1227484800 1227571200
1227657600 1227744000 1227830400 1227916800 1228003200
1228089600 1228176000 1228262400 1228348800 1228435200
1228521600 1228608000 1228694400 1228780800 1228867200
1228953600 1229040000 1229126400 1229212800 1229299200
1229385600 1229472000 1229558400 1229644800 1229731200
1229817600 1229904000 1229990400 1230076800 1230163200
1230249600 1230336000 1230422400 1230508800 1230595200
1230681600 1230768000 1230854400 1230940800 1231027200
1231113600 1231200000 1231286400 1231372800 1231459200
1231545600 1231632000 1231718400 1231804800 1231891200
1231977600 1232064000 1232150400 1232236800 1232323200
1232409600 1232496000 1232582400 1232668800 1232755200
1232841600 1232928000 1233014400 1233100800 1233187200
1233273600 1233360000 1233446400 1233532800 1233619200
1233705600 1233792000 1233878400 1233964800 1234051200
1234137600 1234224000 1234310400 1234396800 1234483200
1234569600 1234656000 1234742400 1234828800 1234915200
1235001600 1235088000 1235174400 1235260800 1235347200
1235433600 1235520000 1235606400 1235692800 1235779200
1235865600 1235952000 1236038400 1236124800 1236211200
1236297600 1236384000 1236470400 1236556800 1236643200
1236729600 1236816000 1236902400 1236988800 1237075200
1237161600 1237248000 1237334400 1237420800 1237507200
1237593600 1237680000 1237766400 1237852800 1237939200
1238025600 1238112000 1238198400 1238284800 1238371200
1238457600 1238544000 1238630400 1238716800 1238803200
1238889600 1238976000 1239062400 1239148800 1239235200
1239321600 1239408000 1239494400 1239580800 1239667200
1239753600 1239840000 1239926400 1240012800 1240099200
1240185600 1240272000 1240358400 1240444800 1240531200
1240617600 1240704000 1240790400 1240876800 1240963200
1241049600 1241136000 1241222400 1241308800 1241395200
1241481600 1241568000 1241654400 1241740800 1241827200
1241913600 1.242e+09 1242086400 1242172800 1242259200
1242345600 1242432000 1242518400 1242604800 1242691200
1242777600 1242864000 1242950400 1243036800 1243123200
1243209600 1243296000 1243382400 1243468800 1243555200
1243641600 1243728000 1243814400 1243900800 1243987200
1244073600 1244160000 1244246400 1244332800 1244419200
1244505600 1244592000 1244678400 1244764800 1244851200
1244937600 1245024000 1245110400 1245196800 1245283200
1245369600 1245456000 1245542400 1245628800 1245715200
1245801600 1245888000 1245974400 1246060800 1246147200
1246233600 1246320000 1246406400 1246492800 1246579200
1246665600 1246752000 1246838400 1246924800 1247011200
1247097600 1247184000 1247270400 1247356800 1247443200
1247529600 1247616000 1247702400 1247788800 1247875200
1247961600 1248048000 1248134400 1248220800 1248307200
1248393600 1248480000 1248566400 1248652800 1248739200
1248825600 1248912000 1248998400 1249084800 1249171200
1249257600 1249344000 1249430400 1249516800 1249603200
1249689600 1249776000 1249862400 1249948800 1250035200
1250121600 1250208000 1250294400 1250380800 1250467200
1250553600 1250640000 1250726400 1250812800 1250899200
1250985600 1251072000 1251158400 1251244800 1251331200
1251417600 1251504000 1251590400 1251676800 1251763200
1251849600 1251936000 1252022400 1252108800 1252195200
1252281600 1252368000 1252454400 1252540800 1252627200
1252713600 1252800000 1252886400 1252972800 1253059200
1253145600 1253232000 1253318400 1253404800 1253491200
1253577600 1253664000 1253750400 1253836800 1253923200
1254009600 1254096000 1254182400 1254268800 1254355200
1254441600 1254528000 1254614400 1254700800 1254787200
1254873600 1254960000 1255046400 1255132800 1255219200
1255305600 1255392000 1255478400 1255564800 1255651200
1255737600 1255824000 1255910400 1255996800 1256083200
1256169600 1256256000 1256342400 1256428800 1256515200
1256601600 1256688000 1256774400 1256860800 1256947200
1257033600 1257120000 1257206400 1257292800 1257379200
1257465600 1257552000 1257638400 1257724800 1257811200
1257897600 1257984000 1258070400 1258156800 1258243200
1258329600 1258416000 1258502400 1258588800 1258675200
1258761600 1258848000 1258934400 1259020800 1259107200
1259193600 1259280000 1259366400 1259452800 1259539200
1259625600 1259712000 1259798400 1259884800 1259971200
1260057600 1260144000 1260230400 1260316800 1260403200
1260489600 1260576000 1260662400 1260748800 1260835200
1260921600 1261008000 1261094400 1261180800 1261267200
1261353600 1261440000 1261526400 1261612800 1261699200
1261785600 1261872000 1261958400 1262044800 1262131200
1262217600 1262304000 1262390400 1262476800 1262563200
1262649600 1262736000 1262822400 1262908800 1262995200
1263081600 1263168000 1263254400 1263340800 1263427200
1263513600 1263600000 1263686400 1263772800 1263859200
1263945600 1264032000 1264118400 1264204800 1264291200
1264377600 1264464000 1264550400 1264636800 1264723200
1264809600 1264896000 1264982400 1265068800 1265155200
1265241600 1265328000 1265414400 1265500800 1265587200
1265673600 1265760000 1265846400 1265932800 1266019200
1266105600 1266192000 1266278400 1266364800 1266451200
1266537600 1266624000 1266710400 1266796800 1266883200
1266969600 1267056000 1267142400 1267228800 1267315200
1267401600 1267488000 1267574400 1267660800 1267747200
1267833600 1267920000 1268006400 1268092800 1268179200
1268265600 1268352000 1268438400 1268524800 1268611200
1268697600 1268784000 1268870400 1268956800 1269043200
1269129600 1269216000 1269302400 1269388800 1269475200
1269561600 1269648000 1269734400 1269820800 1269907200
1269993600 1270080000 1270166400 1270252800 1270339200
1270425600 1270512000 1270598400 1270684800 1270771200
1270857600 1270944000 1271030400 1271116800 1271203200
1271289600 1271376000 1271462400 1271548800 1271635200
1271721600 1271808000 1271894400 1271980800 1272067200
1272153600 1272240000 1272326400 1272412800 1272499200
1272585600 1272672000 1272758400 1272844800 1272931200
1273017600 1273104000 1273190400 1273276800 1273363200
1273449600 1273536000 1273622400 1273708800 1273795200
1273881600 1273968000 1274054400 1274140800 1274227200
1274313600 1274400000 1274486400 1274572800 1274659200
1274745600 1274832000 1274918400 1275004800 1275091200
1275177600 1275264000 1275350400 1275436800 1275523200
1275609600 1275696000 1275782400 1275868800 1275955200
1276041600 1276128000 1276214400 1276300800 1276387200
1276473600 1276560000 1276646400 1276732800 1276819200
1276905600 1276992000 1277078400 1277164800 1277251200
1277337600 1277424000 1277510400 1277596800 1277683200
1277769600 1277856000 1277942400 1278028800 1278115200
1278201600 1278288000 1278374400 1278460800 1278547200
1278633600 1278720000 1278806400 1278892800 1278979200
1279065600 1279152000 1279238400 1279324800 1279411200
1279497600 1279584000 1279670400 1279756800 1279843200
1279929600 1280016000 1280102400 1280188800 1280275200
1280361600 1280448000 1280534400 1280620800 1280707200
1280793600 1280880000 1280966400 1281052800 1281139200
1281225600 1281312000 1281398400 1281484800 1281571200
1281657600 1281744000 1281830400 1281916800 1282003200
1282089600 1282176000 1282262400 1282348800 1282435200
1282521600 1282608000 1282694400 1282780800 1282867200
1282953600 1283040000 1283126400 1283212800 1283299200
1283385600 1283472000 1283558400 1283644800 1283731200
1283817600 1283904000 1283990400 1284076800 1284163200
1284249600 1284336000 1284422400 1284508800 1284595200
1284681600 1284768000 1284854400 1284940800 1285027200
1285113600 1285200000 1285286400 1285372800 1285459200
1285545600 1285632000 1285718400 1285804800 1285891200
1285977600 1286064000 1286150400 1286236800 1286323200
1286409600 1286496000 1286582400 1286668800 1286755200
1286841600 1286928000 1287014400 1287100800 1287187200
1287273600 1287360000 1287446400 1287532800 1287619200
1287705600 1287792000 1287878400 1287964800 1288051200
1288137600 1288224000 1288310400 1288396800 1288483200
1288569600 1288656000 1288742400 1288828800 1288915200
1289001600 1289088000 1289174400 1289260800 1289347200
1289433600 1289520000 1289606400 1289692800 1289779200
1289865600 1289952000 1290038400 1290124800 1290211200
1290297600 1290384000 1290470400 1290556800 1290643200
1290729600 1290816000 1290902400 1290988800 1291075200
1291161600 1291248000 1291334400 1291420800 1291507200
1291593600 1291680000 1291766400 1291852800 1291939200
1292025600 1292112000 1292198400 1292284800 1292371200
1292457600 1292544000 1292630400 1292716800 1292803200
1292889600 1292976000 1293062400 1293148800 1293235200
1293321600 1293408000 1293494400 1293580800 1293667200
1293753600 1293840000 1293926400 1294012800 1294099200
1294185600 1294272000 1294358400 1294444800 1294531200
1294617600 1294704000 1294790400 1294876800 1294963200
1295049600 1295136000 1295222400 1295308800 1295395200
1295481600 1295568000 1295654400 1295740800 1295827200
1295913600 1.296e+09 1296086400 1296172800 1296259200
1296345600 1296432000 1296518400 1296604800 1296691200
1296777600 1296864000 1296950400 1297036800 1297123200
1297209600 1297296000 1297382400 1297468800 1297555200
1297641600 1297728000 1297814400 1297900800 1297987200
1298073600 1298160000 1298246400 1298332800 1298419200
1298505600 1298592000 1298678400 1298764800 1298851200
1298937600 1299024000 1299110400 1299196800 1299283200
1299369600 1299456000 1299542400 1299628800 1299715200
1299801600 1299888000 1299974400 1300060800 1300147200
1300233600 1300320000 1300406400 1300492800 1300579200
1300665600 1300752000 1300838400 1300924800 1301011200
1301097600 1301184000 1301270400 1301356800 1301443200
1301529600 1301616000 1301702400 1301788800 1301875200
1301961600 1302048000 1302134400 1302220800 1302307200
1302393600 1302480000 1302566400 1302652800 1302739200
1302825600 1302912000 1302998400 1303084800 1303171200
1303257600 1303344000 1303430400 1303516800 1303603200
1303689600 1303776000 1303862400 1303948800 1304035200
1304121600 1304208000 1304294400 1304380800 1304467200
1304553600 1304640000 1304726400 1304812800 1304899200
1304985600 1305072000 1305158400 1305244800 1305331200
1305417600 1305504000 1305590400 1305676800 1305763200
1305849600 1305936000 1306022400 1306108800 1306195200
1306281600 1306368000 1306454400 1306540800 1306627200
1306713600 1306800000 1306886400 1306972800 1307059200
1307145600 1307232000 1307318400 1307404800 1307491200
1307577600 1307664000 1307750400 1307836800 1307923200
1308009600 1308096000 1308182400 1308268800 1308355200
1308441600 1308528000 1308614400 1308700800 1308787200
1308873600 1308960000 1309046400 1309132800 1309219200
1309305600 1309392000 1309478400 1309564800 1309651200
1309737600 1309824000 1309910400 1309996800 1310083200
1310169600 1310256000 1310342400 1310428800 1310515200
1310601600 1310688000 1310774400 1310860800 1310947200
1311033600 1311120000 1311206400 1311292800 1311379200
1311465600 1311552000 1311638400 1311724800 1311811200
1311897600 1311984000 1312070400 1312156800 1312243200
1312329600 1312416000 1312502400 1312588800 1312675200
1312761600 1312848000 1312934400 1313020800 1313107200
1313193600 1313280000 1313366400 1313452800 1313539200
1313625600 1313712000 1313798400 1313884800 1313971200
1314057600 1314144000 1314230400 1314316800 1314403200
1314489600 1314576000 1314662400 1314748800 1314835200
1314921600 1315008000 1315094400 1315180800 1315267200
1315353600 1315440000 1315526400 1315612800 1315699200
1315785600 1315872000 1315958400 1316044800 1316131200
1316217600 1316304000 1316390400 1316476800 1316563200
1316649600 1316736000 1316822400 1316908800 1316995200
1317081600 1317168000 1317254400 1317340800 1317427200
1317513600 1317600000 1317686400 1317772800 1317859200
1317945600 1318032000 1318118400 1318204800 1318291200
1318377600 1318464000 1318550400 1318636800 1318723200
1318809600 1318896000 1318982400 1319068800 1319155200
1319241600 1319328000 1319414400 1319500800 1319587200
1319673600 1319760000 1319846400 1319932800 1320019200
1320105600 1320192000 1320278400 1320364800 1320451200
1320537600 1320624000 1320710400 1320796800 1320883200
1320969600 1321056000 1321142400 1321228800 1321315200
1321401600 1321488000 1321574400 1321660800 1321747200
1321833600 1321920000 1322006400 1322092800 1322179200
1322265600 1322352000 1322438400 1322524800 1322611200
1322697600 1322784000 1322870400 1322956800 1323043200
1323129600 1323216000 1323302400 1323388800 1323475200
1323561600 1323648000 1323734400 1323820800 1323907200
1323993600 1324080000 1324166400 1324252800 1324339200
1324425600 1324512000 1324598400 1324684800 1324771200
1324857600 1324944000 1325030400 1325116800 1325203200
1325289600 1325376000 1325462400 1325548800 1325635200
1325721600 1325808000 1325894400 1325980800 1326067200
1326153600 1326240000 1326326400 1326412800 1326499200
1326585600 1326672000 1326758400 1326844800 1326931200
1327017600 1327104000 1327190400 1327276800 1327363200
1327449600 1327536000 1327622400 1327708800 1327795200
1327881600 1327968000 1328054400 1328140800 1328227200
1328313600 1328400000 1328486400 1328572800 1328659200
1328745600 1328832000 1328918400 1329004800 1329091200
1329177600 1329264000 1329350400 1329436800 1329523200
1329609600 1329696000 1329782400 1329868800 1329955200
1330041600 1330128000 1330214400 1330300800 1330387200
1330473600 1330560000 1330646400 1330732800 1330819200
1330905600 1330992000 1331078400 1331164800 1331251200
1331337600 1331424000 1331510400 1331596800 1331683200
1331769600 1331856000 1331942400 1332028800 1332115200
1332201600 1332288000 1332374400 1332460800 1332547200
1332633600 1332720000 1332806400 1332892800 1332979200
1333065600 1333152000 1333238400 1333324800 1333411200
1333497600 1333584000 1333670400 1333756800 1333843200
1333929600 1334016000 1334102400 1334188800 1334275200
1334361600 1334448000 1334534400 1334620800 1334707200
1334793600 1334880000 1334966400 1335052800 1335139200
1335225600 1335312000 1335398400 1335484800 1335571200
1335657600 1335744000 1335830400 1335916800 1336003200
1336089600 1336176000 1336262400 1336348800 1336435200
1336521600 1336608000 1336694400 1336780800 1336867200
1336953600 1337040000 1337126400 1337212800 1337299200
1337385600 1337472000 1337558400 1337644800 1337731200
1337817600 1337904000 1337990400 1338076800 1338163200
1338249600 1338336000 1338422400 1338508800 1338595200
1338681600 1338768000 1338854400 1338940800 1339027200
1339113600 1339200000 1339286400 1339372800 1339459200
1339545600 1339632000 1339718400 1339804800 1339891200
1339977600 1340064000 1340150400 1340236800 1340323200
1340409600 1340496000 1340582400 1340668800 1340755200
1340841600 1340928000 1341014400 1341100800 1341187200
1341273600 1341360000 1341446400 1341532800 1341619200
1341705600 1341792000 1341878400 1341964800 1342051200
1342137600 1342224000 1342310400 1342396800 1342483200
1342569600 1342656000 1342742400 1342828800 1342915200
1343001600 1343088000 1343174400 1343260800 1343347200
1343433600 1343520000 1343606400 1343692800 1343779200
1343865600 1343952000 1344038400 1344124800 1344211200
1344297600 1344384000 1344470400 1344556800 1344643200
1344729600 1344816000 1344902400 1344988800 1345075200
1345161600 1345248000 1345334400 1345420800 1345507200
1345593600 1345680000 1345766400 1345852800 1345939200
1346025600 1346112000 1346198400 1346284800 1346371200
1346457600 1346544000 1346630400 1346716800 1346803200
1346889600 1346976000 1347062400 1347148800 1347235200
1347321600 1347408000 1347494400 1347580800 1347667200
1347753600 1347840000 1347926400 1348012800 1348099200
1348185600 1348272000 1348358400 1348444800 1348531200
1348617600 1348704000 1348790400 1348876800 1348963200
1349049600 1349136000 1349222400 1349308800 1349395200
1349481600 1349568000 1349654400 1349740800 1349827200
1349913600 1.35e+09 1350086400 1350172800 1350259200
1350345600 1350432000 1350518400 1350604800 1350691200
1350777600 1350864000 1350950400 1351036800 1351123200
1351209600 1351296000 1351382400 1351468800 1351555200
1351641600 1351728000 1351814400 1351900800 1351987200
1352073600 1352160000 1352246400 1352332800 1352419200
1352505600 1352592000 1352678400 1352764800 1352851200
1352937600 1353024000 1353110400 1353196800 1353283200
1353369600 1353456000 1353542400 1353628800 1353715200
1353801600 1353888000 1353974400 1354060800 1354147200
1354233600 1354320000 1354406400 1354492800 1354579200
1354665600 1354752000 1354838400 1354924800 1355011200
1355097600 1355184000 1355270400 1355356800 1355443200
1355529600 1355616000 1355702400 1355788800 1355875200
1355961600 1356048000 1356134400 1356220800 1356307200
1356393600 1356480000 1356566400 1356652800 1356739200
1356825600 1356912000 1356998400 1357084800 1357171200
1357257600 1357344000 1357430400 1357516800 1357603200
1357689600 1357776000 1357862400 1357948800 1358035200
1358121600 1358208000 1358294400 1358380800 1358467200
1358553600 1358640000 1358726400 1358812800 1358899200
1358985600 1359072000 1359158400 1359244800 1359331200
1359417600 1359504000 1359590400 1359676800 1359763200
1359849600 1359936000 1360022400 1360108800 1360195200
1360281600 1360368000 1360454400 1360540800 1360627200
1360713600 1360800000 1360886400 1360972800 1361059200
1361145600 1361232000 1361318400 1361404800 1361491200
1361577600 1361664000 1361750400 1361836800 1361923200
1362009600 1362096000 1362182400 1362268800 1362355200
1362441600 1362528000 1362614400 1362700800 1362787200
1362873600 1362960000 1363046400 1363132800 1363219200
1363305600 1363392000 1363478400 1363564800 1363651200
1363737600 1363824000 1363910400 1363996800 1364083200
1364169600 1364256000 1364342400 1364428800 1364515200
1364601600 1364688000 1364774400 1364860800 1364947200
1365033600 1365120000 1365206400 1365292800 1365379200
1365465600 1365552000 1365638400 1365724800 1365811200
1365897600 1365984000 1366070400 1366156800 1366243200
1366329600 1366416000 1366502400 1366588800 1366675200
1366761600 1366848000 1366934400 1367020800 1367107200
1367193600 1367280000 1367366400 1367452800 1367539200
1367625600 1367712000 1367798400 1367884800 1367971200
1368057600 1368144000 1368230400 1368316800 1368403200
1368489600 1368576000 1368662400 1368748800 1368835200
1368921600 1369008000 1369094400 1369180800 1369267200
1369353600 1369440000 1369526400 1369612800 1369699200
1369785600 1369872000 1369958400 1370044800 1370131200
1370217600 1370304000 1370390400 1370476800 1370563200
1370649600 1370736000 1370822400 1370908800 1370995200
1371081600 1371168000 1371254400 1371340800 1371427200
1371513600 1371600000 1371686400 1371772800 1371859200
1371945600 1372032000 1372118400 1372204800 1372291200
1372377600 1372464000 1372550400 1372636800 1372723200
1372809600 1372896000 1372982400 1373068800 1373155200
1373241600 1373328000 1373414400 1373500800 1373587200
1373673600 1373760000 1373846400 1373932800 1374019200
1374105600 1374192000 1374278400 1374364800 1374451200
1374537600 1374624000 1374710400 1374796800 1374883200
1374969600 1375056000 1375142400 1375228800 1375315200
1375401600 1375488000 1375574400 1375660800 1375747200
1375833600 1375920000 1376006400 1376092800 1376179200
1376265600 1376352000 1376438400 1376524800 1376611200
1376697600 1376784000 1376870400 1376956800 1377043200
1377129600 1377216000 1377302400 1377388800 1377475200
1377561600 1377648000 1377734400 1377820800 1377907200
1377993600 1378080000 1378166400 1378252800 1378339200
1378425600 1378512000 1378598400 1378684800 1378771200
1378857600 1378944000 1379030400 1379116800 1379203200
1379289600 1379376000 1379462400 1379548800 1379635200
1379721600 1379808000 1379894400 1379980800 1380067200
1380153600 1380240000 1380326400 1380412800 1380499200
1380585600 1380672000 1380758400 1380844800 1380931200
1381017600 1381104000 1381190400 1381276800 1381363200
1381449600 1381536000 1381622400 1381708800 1381795200
1381881600 1381968000 1382054400 1382140800 1382227200
1382313600 1382400000 1382486400 1382572800 1382659200
1382745600 1382832000 1382918400 1383004800 1383091200
1383177600 1383264000 1383350400 1383436800 1383523200
1383609600 1383696000 1383782400 1383868800 1383955200
1384041600 1384128000 1384214400 1384300800 1384387200
1384473600 1384560000 1384646400 1384732800 1384819200
1384905600 1384992000 1385078400 1385164800 1385251200
1385337600 1385424000 1385510400 1385596800 1385683200
1385769600 1385856000 1385942400 1386028800 1386115200
1386201600 1386288000 1386374400 1386460800 1386547200
1386633600 1386720000 1386806400 1386892800 1386979200
1387065600 1387152000 1387238400 1387324800 1387411200
1387497600 1387584000 1387670400 1387756800 1387843200
1387929600 1388016000 1388102400 1388188800 1388275200
1388361600 1388448000 1388534400 1388620800 1388707200
1388793600 1388880000 1388966400 1389052800 1389139200
1389225600 1389312000 1389398400 1389484800 1389571200
1389657600 1389744000 1389830400 1389916800 1390003200
1390089600 1390176000 1390262400 1390348800 1390435200
1390521600 1390608000 1390694400 1390780800 1390867200
1390953600 1391040000 1391126400 1391212800 1391299200
1391385600 1391472000 1391558400 1391644800 1391731200
1391817600 1391904000 1391990400 1392076800 1392163200
1392249600 1392336000 1392422400 1392508800 1392595200
1392681600 1392768000 1392854400 1392940800 1393027200
1393113600 1393200000 1393286400 1393372800 1393459200
1393545600 1393632000 1393718400 1393804800 1393891200
1393977600 1394064000 1394150400 1394236800 1394323200
1394409600 1394496000 1394582400 1394668800 1394755200
1394841600 1394928000 1395014400 1395100800 1395187200
1395273600 1395360000 1395446400 1395532800 1395619200
1395705600 1395792000 1395878400 1395964800 1396051200
1396137600 1396224000 1396310400 1396396800 1396483200
1396569600 1396656000 1396742400 1396828800 1396915200
1397001600 1397088000 1397174400 1397260800 1397347200
1397433600 1397520000 1397606400 1397692800 1397779200
1397865600 1397952000 1398038400 1398124800 1398211200
1398297600 1398384000 1398470400 1398556800 1398643200
1398729600 1398816000 1398902400 1398988800 1399075200
1399161600 1399248000 1399334400 1399420800 1399507200
1399593600 1399680000 1399766400 1399852800 1399939200
1400025600 1400112000 1400198400 1400284800 1400371200
1400457600 1400544000 1400630400 1400716800 1400803200
1400889600 1400976000 1401062400 1401148800 1401235200
1401321600 1401408000 1401494400 1401580800 1401667200
1401753600 1401840000 1401926400 1402012800 1402099200
1402185600 1402272000 1402358400 1402444800 1402531200
1402617600 1402704000 1402790400 1402876800 1402963200
1403049600 1403136000 1403222400 1403308800 1403395200
1403481600 1403568000 1403654400 1403740800 1403827200
1403913600 1.404e+09 1404086400 1404172800 1404259200
1404345600 1404432000 1404518400 1404604800 1404691200
1404777600 1404864000 1404950400 1405036800 1405123200
1405209600 1405296000 1405382400 1405468800 1405555200
1405641600 1405728000 1405814400 1405900800 1405987200
1406073600 1406160000 1406246400 1406332800 1406419200
1406505600 1406592000 1406678400 1406764800 1406851200
1406937600 1407024000 1407110400 1407196800 1407283200
1407369600 1407456000 1407542400 1407628800 1407715200
1407801600 1407888000 1407974400 1408060800 1408147200
1408233600 1408320000 1408406400 1408492800 1408579200
1408665600 1408752000 1408838400 1408924800 1409011200
1409097600 1409184000 1409270400 1409356800 1409443200
1409529600 1409616000 1409702400 1409788800 1409875200
1409961600 1410048000 1410134400 1410220800 1410307200
1410393600 1410480000 1410566400 1410652800 1410739200
1410825600 1410912000 1410998400 1411084800 1411171200
1411257600 1411344000 1411430400 1411516800 1411603200
1411689600 1411776000 1411862400 1411948800 1412035200
1412121600 1412208000 1412294400 1412380800 1412467200
1412553600 1412640000 1412726400 1412812800 1412899200
1412985600 1413072000 1413158400 1413244800 1413331200
1413417600 1413504000 1413590400 1413676800 1413763200
1413849600 1413936000 1414022400 1414108800 1414195200
1414281600 1414368000 1414454400 1414540800 1414627200
1414713600 1414800000 1414886400 1414972800 1415059200
1415145600 1415232000 1415318400 1415404800 1415491200
1415577600 1415664000 1415750400 1415836800 1415923200
1416009600 1416096000 1416182400 1416268800 1416355200
1416441600 1416528000 1416614400 1416700800 1416787200
1416873600 1416960000 1417046400 1417132800 1417219200
1417305600 1417392000 1417478400 1417564800 1417651200
1417737600 1417824000 1417910400 1417996800 1418083200
1418169600 1418256000 1418342400 1418428800 1418515200
1418601600 1418688000 1418774400 1418860800 1418947200
1419033600 1419120000 1419206400 1419292800 1419379200
1419465600 1419552000 1419638400 1419724800 1419811200
1419897600 1419984000 1420070400 1420156800 1420243200
1420329600 1420416000 1420502400 1420588800 1420675200
1420761600 1420848000 1420934400 1421020800 1421107200
1421193600 1421280000 1421366400 1421452800 1421539200
1421625600 1421712000 1421798400 1421884800 1421971200
1422057600 1422144000 1422230400 1422316800 1422403200
1422489600 1422576000 1422662400 1422748800 1422835200
1422921600 1423008000 1423094400 1423180800 1423267200
1423353600 1423440000 1423526400 1423612800 1423699200
1423785600 1423872000 1423958400 1424044800 1424131200
1424217600 1424304000 1424390400 1424476800 1424563200
1424649600 1424736000 1424822400 1424908800 1424995200
1425081600 1425168000 1425254400 1425340800 1425427200
1425513600 1425600000 1425686400 1425772800 1425859200
1425945600 1426032000 1426118400 1426204800 1426291200
1426377600 1426464000 1426550400 1426636800 1426723200
1426809600 1426896000 1426982400 1427068800 1427155200
1427241600 1427328000 1427414400 1427500800 1427587200
1427673600 1427760000 1427846400 1427932800 1428019200
1428105600 1428192000 1428278400 1428364800 1428451200
1428537600 1428624000 1428710400 1428796800 1428883200
1428969600 1429056000 1429142400 1429228800 1429315200
1429401600 1429488000 1429574400 1429660800 1429747200
1429833600 1429920000 1430006400 1430092800 1430179200
1430265600 1430352000 1430438400 1430524800 1430611200
1430697600 1430784000 1430870400 1430956800 1431043200
1431129600 1431216000 1431302400 1431388800 1431475200
1431561600 1431648000 1431734400 1431820800 1431907200
1431993600 1432080000 1432166400 1432252800 1432339200
1432425600 1432512000 1432598400 1432684800 1432771200
1432857600 1432944000 1433030400 1433116800 1433203200
1433289600 1433376000 1433462400 1433548800 1433635200
1433721600 1433808000 1433894400 1433980800 1434067200
1434153600 1434240000 1434326400 1434412800 1434499200
1434585600 1434672000 1434758400 1434844800 1434931200
1435017600 1435104000 1435190400 1435276800 1435363200
1435449600 1435536000 1435622400 1435708800 1435795200
1435881600 1435968000 1436054400 1436140800 1436227200
1436313600 1436400000 1436486400 1436572800 1436659200
1436745600 1436832000 1436918400 1437004800 1437091200
1437177600 1437264000 1437350400 1437436800 1437523200
1437609600 1437696000 1437782400 1437868800 1437955200
1438041600 1438128000 1438214400 1438300800 1438387200
1438473600 1438560000 1438646400 1438732800 1438819200
1438905600 1438992000 1439078400 1439164800 1439251200
1439337600 1439424000 1439510400 1439596800 1439683200
1439769600 1439856000 1439942400 1440028800 1440115200
1440201600 1440288000 1440374400 1440460800 1440547200
1440633600 1440720000 1440806400 1440892800 1440979200
1441065600 1441152000 1441238400 1441324800 1441411200
1441497600 1441584000 1441670400 1441756800 1441843200
1441929600 1442016000 1442102400 1442188800 1442275200
1442361600 1442448000 1442534400 1442620800 1442707200
1442793600 1442880000 1442966400 1443052800 1443139200
1443225600 1443312000 1443398400 1443484800 1443571200
